subset,requisitioner,no,id_lab,id,n_replicates,tax_order,family,genus,species,tax_name,functional_group,set_ciat,dm_percentage,ash_dm,om_percentage,pc_percentage_dm,adf_percentage_dm,ndf_percentage_dm
1,Genetic bank,197,F24-3469,CIAT-10647,2,Fabales,Fabaceae,Stylosanthes,scabra,Stylosanthes scabra,Herbaceous_legumes,6,92.93,9.36,90.64,20.02,32.44,56.19
1,Genetic bank,199,F24-3470,CIAT-11194,2,Fabales,Fabaceae,Stylosanthes,hamata,Stylosanthes hamata,Herbaceous_legumes,6,92.89,9.61,90.39,21.18,30.18,55.94
1,Genetic bank,201,F24-3471,CIAT-11999,2,Fabales,Fabaceae,Stylosanthes,guianensis,Stylosanthes guianensis,Herbaceous_legumes,7,93.5,10.46,89.54,20.09,33.9,61.32
1,Genetic bank,203,F24-3472,CIAT-12318,2,Fabales,Fabaceae,Stylosanthes,hamata,Stylosanthes hamata,Herbaceous_legumes,7,94.1,11.08,88.92,22.05,29.34,55.26
1,Genetic bank,113,F24-3427,CIAT-1257,2,Fabales,Fabaceae,Stylosanthes,scabra,Stylosanthes scabra,Herbaceous_legumes,5,92.72,9.52,90.48,17.96,35.9,69.91
1,Genetic bank,205,F24-3473,CIAT-13575,2,Fabales,Fabaceae,Desmodium,incanum,Desmodium incanum,Herbaceous_legumes,7,94.14,11.52,88.48,23.17,44.09,57.61
1,Genetic bank,207,F24-3474,CIAT-13609,2,Fabales,Fabaceae,Desmodium,incanum,Desmodium incanum,Herbaceous_legumes,7,93.4,11.58,88.42,20.01,40.85,58.78
1,Genetic bank,209,F24-3475,CIAT-15551,2,Fabales,Fabaceae,Centrosema,molle,Centrosema molle,Herbaceous_legumes,7,93.75,10.48,89.52,22.31,23.67,61.59
1,Genetic bank,211,F24-3476,CIAT-17024,2,Fabales,Fabaceae,Desmanthus,pernambucanus,Desmanthus pernambucanus,Shrub_Trees,7,92.53,8.23,91.77,24.63,32.03,58.24
1,Genetic bank,213,F24-3477,CIAT-17091,2,Fabales,Fabaceae,Crotalaria,micans,Crotalaria micans,Herbaceous_legumes,7,94.56,8.37,91.63,24.38,17.15,49.73
1,Genetic bank,215,F24-3478,CIAT-17365,2,Fabales,Fabaceae,Clitoria,ternatea,Clitoria ternatea,Herbaceous_legumes,7,93.39,7.63,92.37,32.12,23.37,51.72
1,Genetic bank,217,F24-3479,CIAT-17451,2,Fabales,Fabaceae,Canavalia,sp.,Canavalia sp.,Herbaceous_legumes,7,91.64,19.48,80.53,22.34,20.08,49.14
1,Genetic bank,219,F24-3480,CIAT-17775,2,Fabales,Fabaceae,Christia,obcordata,Christia obcordata,Herbaceous_legumes,7,94.3,10.72,89.28,16.05,26.04,54.97
1,Genetic bank,221,F24-3481,CIAT-18016,2,Fabales,Fabaceae,Sesbania,emerus,Sesbania emerus,Shrub_Trees,7,93.22,7.68,92.32,24.16,28.12,56.38
1,Genetic bank,223,F24-3482,CIAT-18044,2,Fabales,Fabaceae,Christia,sp.,Christia sp.,Herbaceous_legumes,7,93.67,14.44,85.56,21.0,22.69,54.68
1,Genetic bank,225,F24-3483,CIAT-18288,2,Fabales,Fabaceae,Sesbania,exasperata,Sesbania exasperata,Shrub_Trees,7,92.91,8.89,91.11,23.18,27.95,51.1
1,Genetic bank,227,F24-3484,CIAT-18447,2,Fabales,Fabaceae,Clitoria,ternatea,Clitoria ternatea,Herbaceous_legumes,7,92.93,7.5,92.5,29.41,26.2,54.05
1,Genetic bank,229,F24-3485,CIAT-18455,2,Fabales,Fabaceae,Christia,obcordata,Christia obcordata,Herbaceous_legumes,7,93.2,14.45,85.55,21.77,22.27,52.43
1,Genetic bank,231,F24-3486,CIAT-18707,2,Fabales,Fabaceae,Crotalaria,pallida,Crotalaria pallida,Herbaceous_legumes,7,92.83,7.44,92.56,37.5,22.03,51.93
1,Genetic bank,233,F24-3487,CIAT-18749,2,Fabales,Fabaceae,Arachis,pintoi,Arachis pintoi,Herbaceous_legumes,7,92.7,14.32,85.68,21.13,27.42,51.53
1,Genetic bank,235,F24-3488,CIAT-18813,2,Fabales,Fabaceae,Crotalaria,nitens,Crotalaria nitens,Herbaceous_legumes,7,91.8,16.91,83.09,17.16,28.69,52.37
1,Genetic bank,237,F24-3489,CIAT-18848,2,Fabales,Fabaceae,Alysicarpus,rugosus,Alysicarpus rugosus,Herbaceous_legumes,7,94.43,24.5,75.5,19.99,28.13,48.33
1,Genetic bank,239,F24-3490,CIAT-18862,2,Fabales,Fabaceae,Alysicarpus,rugosus,Alysicarpus rugosus,Herbaceous_legumes,7,93.07,16.36,83.65,24.58,21.72,49.43
1,Genetic bank,241,F24-3491,CIAT-18931,2,Fabales,Fabaceae,Tephrosia,linearis,Tephrosia linearis,Shrub_Trees,7,93.54,10.78,89.22,28.56,19.07,61.09
1,Genetic bank,243,F24-3492,CIAT-19038,2,Fabales,Fabaceae,Canavalia,sp.,Canavalia sp.,Shrub_Trees,7,90.17,16.04,83.96,23.78,17.61,47.65
1,Genetic bank,245,F24-3493,CIAT-19118,2,Fabales,Fabaceae,Alysicarpus,rugosus,Alysicarpus rugosus,Herbaceous_legumes,7,92.92,11.39,88.61,22.8,24.18,44.31
1,Genetic bank,247,F24-3494,CIAT-19127,2,Fabales,Fabaceae,Alysicarpus,rugosus,Alysicarpus rugosus,Herbaceous_legumes,7,92.25,10.39,89.62,19.5,34.91,57.93
1,Genetic bank,249,F24-3495,CIAT-19128,2,Fabales,Fabaceae,Alysicarpus,rugosus,Alysicarpus rugosus,Herbaceous_legumes,7,92.69,9.45,90.55,17.09,40.01,61.97
1,Genetic bank,251,F24-3496,CIAT-19129,2,Fabales,Fabaceae,Alysicarpus,rugosus,Alysicarpus rugosus,Herbaceous_legumes,7,93.46,11.98,88.02,17.81,36.71,62.08
1,Genetic bank,253,F24-3497,CIAT-19133,2,Fabales,Fabaceae,Alysicarpus,rugosus,Alysicarpus rugosus,Herbaceous_legumes,7,93.13,11.81,88.19,17.49,35.06,55.15
1,Genetic bank,255,F24-3498,CIAT-19137,2,Fabales,Fabaceae,Alysicarpus,rugosus,Alysicarpus rugosus,Herbaceous_legumes,7,93.77,10.96,89.04,18.13,33.34,57.07
1,Genetic bank,257,F24-3499,CIAT-19138,2,Fabales,Fabaceae,Alysicarpus,rugosus,Alysicarpus rugosus,Herbaceous_legumes,7,92.69,11.37,88.63,21.32,32.54,54.03
1,Genetic bank,259,F24-3500,CIAT-19139,2,Fabales,Fabaceae,Alysicarpus,ovalifolius,Alysicarpus ovalifolius,Herbaceous_legumes,7,94.61,12.04,87.96,18.54,35.03,58.31
1,Genetic bank,311,F24-3501,CIAT-19213,2,Fabales,Fabaceae,Clitoria,ternatea,Clitoria ternatea,Herbaceous_legumes,9,93.84,11.79,88.21,31.12,37.56,51.31
1,Genetic bank,313,F24-3502,CIAT-19421,2,Fabales,Fabaceae,Uraria,lagopodioides,Uraria lagopodioides,Herbaceous_legumes,9,94.09,18.68,81.32,20.04,27.8,46.04
1,Genetic bank,315,F24-3503,CIAT-19566,2,Fabales,Fabaceae,Tephrosia,noctiflora,Tephrosia noctiflora,Shrub_Trees,9,93.74,12.42,87.58,25.36,19.49,42.6
1,Genetic bank,317,F24-3504,CIAT-19667,2,Fabales,Fabaceae,Indigofera,hirsuta,Indigofera hirsuta,Herbaceous_legumes,9,92.42,9.96,90.04,26.0,37.56,50.53
1,Genetic bank,319,F24-3505,CIAT-19673,2,Fabales,Fabaceae,Alysicarpus,rugosus,Alysicarpus rugosus,Herbaceous_legumes,9,92.51,11.98,88.02,25.41,27.8,53.08
1,Genetic bank,321,F24-3506,CIAT-19895,2,Fabales,Fabaceae,Aeschynomene ,americana,Aeschynomene americana,Herbaceous_legumes,10,93.36,11.41,88.59,25.26,25.71,62.06
1,Genetic bank,323,F24-3507,CIAT-20093,2,Fabales,Fabaceae,Canavalia ,sp.,Canavalia sp.,Herbaceous_legumes,10,94.36,12.87,87.13,24.07,16.58,50.41
1,Genetic bank,325,F24-3508,CIAT-20113,2,Fabales,Fabaceae,Canavalia ,sp.,Canavalia sp.,Herbaceous_legumes,10,94.64,15.79,84.21,18.07,15.92,48.43
1,Genetic bank,327,F24-3509,CIAT-20125,2,Fabales,Fabaceae,Coursetia ,caribaea,Coursetia caribaea,Herbaceous_legumes,10,93.5,13.24,86.76,20.44,18.08,44.23
1,Genetic bank,329,F24-3510,CIAT-20298,2,Fabales,Fabaceae,Canavalia ,sp.,Canavalia sp.,Herbaceous_legumes,10,93.66,16.19,83.81,22.85,21.72,43.09
1,Genetic bank,331,F24-3511,CIAT-20305,2,Fabales,Fabaceae,Canavalia ,sp.,Canavalia sp.,Herbaceous_legumes,10,93.54,18.34,81.66,23.35,19.38,39.7
1,Genetic bank,333,F24-3512,CIAT-20803,2,Fabales,Fabaceae,Canavalia ,sp.,Canavalia sp.,Herbaceous_legumes,10,93.38,15.93,84.06,22.07,15.58,49.53
1,Genetic bank,335,F24-3513,CIAT-21031,2,Fabales,Fabaceae,Christia ,obcordata,Christia obcordata,Herbaceous_legumes,10,94.06,19.67,80.33,20.42,8.94,46.57
1,Genetic bank,337,F24-3514,CIAT-21128,2,Fabales,Fabaceae,Crotalaria,pallida,Crotalaria pallida,Herbaceous_legumes,10,93.46,10.34,89.66,29.38,36.54,43.84
1,Genetic bank,339,F24-3515,CIAT-21212,2,Fabales,Fabaceae,Canavalia ,sp.,Canavalia sp.,Herbaceous_legumes,10,93.67,15.0,85.0,22.98,20.77,39.82
1,Genetic bank,341,F24-3516,CIAT-21263,2,Fabales,Fabaceae,Sesbania,rostrata,Sesbania rostrata,Shrub_Trees,10,92.58,13.36,86.64,25.01,15.32,40.69
1,Genetic bank,343,F24-3517,CIAT-21514,2,Fabales,Fabaceae,Desmanthus ,virgatus,Desmanthus virgatus,Shrub_Trees,10,93.55,9.91,90.08,23.25,15.23,55.95
1,Genetic bank,345,F24-3518,CIAT-21565,2,Fabales,Fabaceae,Chamaecrista,rotundifolia,Chamaecrista rotundifolia,Herbaceous_legumes,10,92.64,7.89,92.11,19.59,33.72,58.3
1,Genetic bank,347,F24-3519,CIAT-21709,2,Fabales,Fabaceae,Crotalaria ,juncea,Crotalaria juncea,Herbaceous_legumes,10,92.16,16.8,83.2,25.97,23.18,43.06
1,Genetic bank,349,F24-3520,CIAT-22286,2,Fabales,Fabaceae,Crotalaria,micans,Crotalaria micans,Herbaceous_legumes,10,93.58,10.4,89.6,25.3,24.48,43.59
1,Genetic bank,351,F24-3521,CIAT-22475,2,Fabales,Fabaceae,Alysicarpus ,rugosus,Alysicarpus rugosus,Herbaceous_legumes,10,94.16,12.42,87.57,17.41,31.68,64.15
1,Genetic bank,353,F24-3522,CIAT-22481,2,Fabales,Fabaceae,Sesbania,cochinchinensis,Sesbania cochinchinensis,Shrub_Trees,10,91.97,10.46,89.54,31.18,26.64,61.96
1,Genetic bank,355,F24-3523,CIAT-22520,2,Fabales,Fabaceae,Arachis,pusilla,Arachis pusilla,Herbaceous_legumes,10,93.06,14.93,85.07,20.36,22.79,61.22
1,Genetic bank,357,F24-3524,CIAT-22570,2,Fabales,Fabaceae,Desmanthus,bicornutus,Desmanthus bicornutus,Shrub_Trees,10,92.67,8.46,91.54,32.64,19.87,64.71
1,Genetic bank,359,F24-3525,CIAT-22594,2,Fabales,Fabaceae,Desmanthus,pernambucanus,Desmanthus pernambucanus,Shrub_Trees,10,94.58,8.87,91.13,27.26,23.96,58.58
1,Genetic bank,361,F24-3526,CIAT-22754,2,Fabales,Fabaceae,Lablab ,purpureus,Lablab purpureus,Herbaceous_legumes,10,91.68,12.14,87.86,30.03,24.88,51.34
1,Genetic bank,363,F24-3527,CIAT-22915,2,Fabales,Fabaceae,Aeschynomene ,villosa,Aeschynomene villosa,Herbaceous_legumes,10,92.06,7.92,92.07,27.06,34.54,64.51
1,Genetic bank,365,F24-3528,CIAT-23259,2,Fabales,Fabaceae,Desmodium,gangeticum,Desmodium gangeticum,Shrub_Trees,10,92.86,12.96,87.04,23.04,24.96,56.45
1,Genetic bank,367,F24-3529,CIAT-23339,2,Fabales,Fabaceae,Desmodium,gangeticum,Desmodium gangeticum,Shrub_Trees,10,93.7,15.0,85.0,22.09,14.57,55.68
1,Genetic bank,369,F24-3530,CIAT-23761,2,Fabales,Fabaceae,Uraria,picta,Uraria picta,Herbaceous_legumes,10,95.0,13.68,86.32,18.09,26.64,61.9
1,Genetic bank,371,F24-3531,CIAT-24360,2,Fabales,Fabaceae,Vigna,umbellata,Vigna umbellata,Herbaceous_legumes,10,92.73,17.22,82.78,23.17,28.73,53.68
1,Genetic bank,373,F24-3532,CIAT-24466,2,Fabales,Fabaceae,Vigna,umbellata,Vigna umbellata,Herbaceous_legumes,10,92.86,19.77,80.23,22.39,20.0,37.53
1,Genetic bank,375,F24-3533,CIAT-32246,2,Fabales,Fabaceae,Chamaecrista,nictitans,Chamaecrista nictitans,Herbaceous_legumes,10,91.54,8.03,91.97,26.83,26.64,79.4
1,Genetic bank,377,F24-3534,CIAT-32365,2,Fabales,Fabaceae,Desmanthus,virgatus,Desmanthus virgatus,Shrub_Trees,10,90.93,7.5,92.5,30.19,28.73,75.76
1,Genetic bank,379,F24-3535,CIAT-32373,2,Fabales,Fabaceae,Desmanthus,pubescens,Desmanthus pubescens,Shrub_Trees,10,92.34,8.66,91.34,28.4,19.99,77.89
1,Genetic bank,115,F24-3428,CIAT-3240,4,Fabales,Fabaceae,Desmodium,cinereum,Desmodium cinereum,Herbaceous_legumes,5,92.86,12.01,87.99,22.63,24.91,56.34
1,Genetic bank,117,F24-3429,CIAT-3522,2,Fabales,Fabaceae,Desmodium,incanum,Desmodium incanum,Herbaceous_legumes,5,93.28,11.05,88.95,17.94,47.97,64.48
1,Genetic bank,119,F24-3430,CIAT-4134,2,Fabales,Fabaceae,Macroptilium,lathyroides,Macroptilium lathyroides,Herbaceous_legumes,5,91.91,14.36,85.64,22.09,24.29,43.65
1,Genetic bank,121,F24-3431,CIAT-4279,2,Fabales,Fabaceae,Vigna,umbellata,Vigna umbellata,Herbaceous_legumes,5,91.04,11.02,88.98,25.72,13.14,52.82
1,Genetic bank,123,F24-3432,CIAT-5124,2,Fabales,Fabaceae,Centrosema,molle x acutifolium,Centrosema molle x acutifolium,Herbaceous_legumes,5,91.54,10.36,89.64,25.78,37.61,65.51
1,Genetic bank,125,F24-3433,CIAT-5234,2,Fabales,Fabaceae,Centrosema,brasilianum,Centrosema brasilianum,Herbaceous_legumes,5,92.53,11.22,88.78,17.22,33.38,60.63
1,Genetic bank,1,F24-3416,CIAT-705,2,Fabales,Fabaceae,Indigofera,suffruticosa,Indigofera suffruticosa,Herbaceous_legumes,1,91.97,12.68,87.32,33.01,28.05,45.22
1,Genetic bank,3,F24-3417,CIAT-707,2,Fabales,Fabaceae,Alysicarpus,ovalifolius,Alysicarpus ovalifolius,Herbaceous_legumes,1,90.09,12.07,87.93,25.4,25.44,54.11
1,Genetic bank,5,F24-3418,CIAT-712,2,Fabales,Fabaceae,Clitoria,ternatea,Clitoria ternatea,Herbaceous_legumes,1,91.3,7.76,92.24,31.19,25.82,54.88
1,Genetic bank,127,F24-3434,CIAT-7292,2,Fabales,Fabaceae,Chamaecrista,desvauxii,Chamaecrista desvauxii,Herbaceous_legumes,5,92.0,9.42,90.58,31.83,44.14,59.53
1,Genetic bank,129,F24-3435,CIAT-7317,2,Fabales,Fabaceae,Canavalia,sp.,Canavalia sp.,Herbaceous_legumes,5,92.45,19.06,80.94,23.88,24.73,52.26
1,Genetic bank,131,F24-3436,CIAT-7322,2,Fabales,Fabaceae,Canavalia,sp.,Canavalia sp.,Herbaceous_legumes,5,89.37,15.19,84.81,21.52,18.16,47.54
1,Genetic bank,133,F24-3437,CIAT-7339,2,Fabales,Fabaceae,Indigofera,lespedezioides,Indigofera lespedezioides,Herbaceous_legumes,5,91.99,16.46,83.54,24.97,42.71,57.94
1,Genetic bank,135,F24-3438,CIAT-7469,2,Fabales,Fabaceae,Clitoria,ternatea,Clitoria ternatea,Herbaceous_legumes,5,92.16,8.09,91.91,26.37,22.54,60.53
1,Genetic bank,7,F24-3419,CIAT-749,2,Fabales,Fabaceae,Crotalaria,juncea,Crotalaria juncea,Herbaceous_legumes,1,91.75,11.55,88.45,27.95,28.75,51.0
1,Genetic bank,137,F24-3439,CIAT-7643,4,Fabales,Fabaceae,Desmanthus,pernambucanus,Desmanthus pernambucanus,Shrub_Trees,5,93.82,7.35,92.65,22.49,37.8,66.98
1,Genetic bank,9,F24-3420,CIAT-768,2,Fabales,Fabaceae,Clitoria,ternatea,Clitoria ternatea,Herbaceous_legumes,1,92.17,8.7,91.3,29.46,25.73,54.21
1,Genetic bank,139,F24-3440,CIAT-7703,2,Fabales,Fabaceae,Aeschynomene,indica,Aeschynomene indica,Herbaceous_legumes,5,91.95,8.85,91.15,22.08,32.1,67.29
1,Genetic bank,21,F24-3441,CIAT-7714,4,Fabales,Fabaceae,Alysicarpus,glumaceus,Alysicarpus glumaceus,Herbaceous_legumes,3,93.05,17.46,82.54,20.67,27.79,67.31
1,Genetic bank,11,F24-3421,CIAT-772,2,Fabales,Fabaceae,Clitoria,ternatea,Clitoria ternatea,Herbaceous_legumes,1,91.49,6.18,93.82,18.97,16.74,67.42
1,Genetic bank,23,F24-3442,CIAT-7757,4,Fabales,Fabaceae,Clitoria,ternatea,Clitoria ternatea,Herbaceous_legumes,3,92.11,8.25,91.75,23.68,21.95,57.24
1,Genetic bank,25,F24-3443,CIAT-7759,4,Fabales,Fabaceae,Clitoria,ternatea,Clitoria ternatea,Herbaceous_legumes,3,93.55,5.87,94.13,18.44,14.68,60.81
1,Genetic bank,27,F24-3444,CIAT-7790,4,Fabales,Fabaceae,Crotalaria,pallida,Crotalaria pallida,Herbaceous_legumes,3,92.13,5.86,94.14,24.76,20.08,67.6
1,Genetic bank,29,F24-3445,CIAT-7792,4,Fabales,Fabaceae,Chamaecrista,rotundifolia,Chamaecrista rotundifolia,Herbaceous_legumes,3,92.91,8.06,91.94,21.83,23.49,63.97
1,Genetic bank,31,F24-3446,CIAT-7816,4,Fabales,Fabaceae,Indigofera,spicata,Indigofera spicata,Herbaceous_legumes,3,92.5,17.6,82.4,26.04,23.11,54.74
1,Genetic bank,33,F24-3447,CIAT-7858,4,Fabales,Fabaceaee,Crotalaria,incana,Crotalaria incana,Herbaceous_legumes,3,93.18,9.16,90.84,30.23,23.57,60.74
1,Genetic bank,35,F24-3448,CIAT-7972,4,Fabales,Fabaceae,Canavalia,brasiliensis,Canavalia brasiliensis,Herbaceous_legumes,3,91.92,17.83,82.17,27.77,23.86,56.09
1,Genetic bank,13,F24-3422,CIAT-819,2,Fabales,Fabaceae,Indigofera,suffruticosa,Indigofera suffruticosa,Herbaceous_legumes,1,90.76,17.06,82.94,26.78,26.09,53.05
1,Genetic bank,37,F24-3449,CIAT-8205,4,Fabales,Fabaceae,Indigofera,suffruticosa,Indigofera suffruticosa,Herbaceous_legumes,3,92.21,14.65,85.35,24.78,26.76,51.2
1,Genetic bank,39,F24-3450,CIAT-8402,4,Fabales,Fabaceae,Indigofera,suffruticosa,Indigofera suffruticosa,Herbaceous_legumes,3,92.0,17.72,82.28,26.24,18.99,47.9
1,Genetic bank,41,F24-3451,CIAT-8408,4,Fabales,Fabaceae,Chamaecrista,nictitans,Chamaecrista nictitans,Herbaceous_legumes,3,94.03,6.87,93.13,24.12,38.38,58.64
1,Genetic bank,43,F24-3452,CIAT-8409,4,Fabales,Fabaceae,Chamaecrista,nictitans,Chamaecrista nictitans,Herbaceous_legumes,3,91.94,7.66,92.34,26.82,38.02,61.85
1,Genetic bank,45,F24-3453,CIAT-8719,8,Fabales,Fabaceae,Canavalia,sp.,Canavalia sp. ,Herbaceous_legumes,3,93.52,17.12,82.88,22.04,15.95,40.19
1,Genetic bank,47,F24-3454,CIAT-8797,4,Fabales,Fabaceae,Desmanthus,virgatus,Desmanthus virgatus,Shrub_Trees,3,92.9,7.05,92.95,24.5,30.23,59.98
1,Genetic bank,49,F24-3455,CIAT-8819,4,Fabales,Fabaceae,Coursetia,caribaea,Coursetia caribaea,Herbaceous_legumes,3,91.77,13.95,86.05,22.92,19.59,43.99
1,Genetic bank,15,F24-3423,CIAT-905,2,Fabales,Fabaceae,Canavalia,brasiliensis,Canavalia brasiliensis,Herbaceous_legumes,1,91.88,14.53,85.47,24.61,17.08,36.56
1,Genetic bank,17,F24-3424,CIAT-913,2,Fabales,Fabaceae,Cajanus,cajan,Cajanus cajan,Shrub_Trees,1,94.77,9.21,90.79,25.18,40.42,60.86
1,Genetic bank,171,F24-3456,CIAT-9170,2,Fabales,Fabaceae,Indigofera,lespedezioides,Indigofera lespedezioides,Herbaceous_legumes,6,93.09,15.38,84.62,20.75,41.99,54.57
1,Genetic bank,173,F24-3457,CIAT-9254,2,Fabales,Fabaceae,Crotalaria,pallida,Crotalaria pallida,Herbaceous_legumes,6,90.83,6.64,93.36,24.65,20.58,55.34
1,Genetic bank,175,F24-3458,CIAT-9283,2,Fabales,Fabaceae,Crotalaria,pallida,Crotalaria pallida,Herbaceous_legumes,6,92.8,8.19,91.81,25.56,15.01,54.16
1,Genetic bank,177,F24-3459,CIAT-9288,2,Fabales,Fabaceae,Indigofera,suffruticosa,Indigofera suffruticosa,Herbaceous_legumes,6,93.76,11.91,88.09,27.58,16.46,52.41
1,Genetic bank,179,F24-3460,CIAT-9336,2,Fabales,Fabaceae,Clitoria,ternatea,Clitoria ternatea,Herbaceous_legumes,6,90.39,8.11,91.89,31.66,19.15,48.61
1,Genetic bank,181,F24-3461,CIAT-9349,2,Fabales,Fabaceae,Mucuna,pruriens,Mucuna pruriens,Herbaceous_legumes,6,91.42,8.63,91.37,30.38,27.8,55.56
1,Genetic bank,183,F24-3462,CIAT-9356,2,Fabales,Fabaceae,Tephrosia,noctiflora,Tephrosia noctiflora,Shrub_Trees,6,93.03,8.36,91.64,30.62,20.6,55.98
1,Genetic bank,185,F24-3463,CIAT-9432,2,Fabales,Fabaceae,Clitoria,ternatea,Clitoria ternatea,Herbaceous_legumes,6,91.28,8.03,91.97,31.25,17.92,44.95
1,Genetic bank,187,F24-3464,CIAT-9433,2,Fabales,Fabaceae,Clitoria,ternatea,Clitoria ternatea,Herbaceous_legumes,6,94.27,9.44,90.56,31.68,21.94,43.14
1,Genetic bank,189,F24-3465,CIAT-9435,2,Fabales,Fabaceae,Desmanthus,pubescens,Desmanthus pubescens,Shrub_Trees,6,94.59,8.48,91.52,26.78,36.06,53.83
1,Genetic bank,191,F24-3466,CIAT-9530,2,Fabales,Fabaceae,Crotalaria,maypurensis,Crotalaria maypurensis,Herbaceous_legumes,6,93.26,8.79,91.21,32.65,10.84,32.2
1,Genetic bank,19,F24-3425,CIAT-955,2,Fabales,Fabaceae,Clitoria,ternatea,Clitoria ternatea,Herbaceous_legumes,1,91.82,5.7,94.3,22.01,21.55,61.67
1,Genetic bank,193,F24-3467,CIAT-9562,2,Fabales,Fabaceae,Eriosema,diffusum,Eriosema diffusum,Herbaceous_legumes,6,93.93,8.4,91.6,18.11,51.96,64.55
1,Genetic bank,111,F24-3426,CIAT-989,2,Fabales,Fabaceae,Indigofera,hirsuta,Indigofera hirsuta,Herbaceous_legumes,5,92.37,13.66,86.34,25.35,47.63,53.1
1,Genetic bank,195,F24-3468,CIAT-9982,2,Fabales,Fabaceae,Crotalaria,incana,Crotalaria incana,Herbaceous_legumes,6,93.82,8.65,91.35,26.86,14.33,46.83
1,Breeding,91,F24-3602,CIAT-BH-08-1149,2,Poales,Poaceae,Urochloa,humidicola,Brachiaria humidicola,Grass,5,94.43,13.32,86.68,7.53,28.61,68.73
1,Breeding,93,F24-3603,CIAT-BH-16-0550,2,Poales,Poaceae,Urochloa,humidicola,Brachiaria humidicola,Grass,5,94.11,11.52,88.48,6.43,30.15,69.16
1,Breeding,95,F24-3604,CIAT-BH-16-0562,2,Poales,Poaceae,Urochloa,humidicola,Brachiaria humidicola,Grass,5,95.17,11.17,88.83,5.94,30.47,69.59
1,Breeding,97,F24-3605,CIAT-BH-16-3249,2,Poales,Poaceae,Urochloa,humidicola,Brachiaria humidicola,Grass,5,95.82,12.04,87.96,6.65,28.86,69.65
1,Breeding,99,F24-3606,CIAT-BH-16-B-0733,2,Poales,Poaceae,Urochloa,humidicola,Brachiaria humidicola,Grass,5,96.31,12.64,87.36,8.1,29.36,68.83
1,Breeding,101,F24-3607,CIAT-BH-16-B-0741,2,Poales,Poaceae,Urochloa,humidicola,Brachiaria humidicola,Grass,5,96.67,14.23,85.77,7.5,28.14,65.68
1,Breeding,103,F24-3608,CIAT-BH-16-B-1194,2,Poales,Poaceae,Urochloa,humidicola,Brachiaria humidicola,Grass,5,96.74,11.91,88.09,5.47,29.54,67.77
1,Breeding,105,F24-3609,CIAT-BH-16-B-1618,2,Poales,Poaceae,Urochloa,humidicola,Brachiaria humidicola,Grass,5,97.16,13.98,86.02,8.13,28.05,66.39
1,Breeding,107,F24-3610,CIAT-BH-16-B-1707,2,Poales,Poaceae,Urochloa,humidicola,Brachiaria humidicola,Grass,5,96.95,10.52,89.48,5.97,26.74,68.59
1,Breeding,51,F24-3582,CIAT-BR-02-1752,2,Poales,Poaceae,Urochloa,interespecifico,Brachiaria interespecifico,Grass,4,96.03,15.7,84.3,10.92,21.14,55.41
1,Breeding,53,F24-3583,CIAT-BR-02-1794,2,Poales,Poaceae,Urochloa,interespecifico,Brachiaria interespecifico,Grass,4,97.05,15.02,84.98,9.39,21.84,55.76
1,Breeding,55,F24-3584,CIAT-BR-06-0423,2,Poales,Poaceae,Urochloa,interespecifico,Brachiaria interespecifico,Grass,4,96.77,15.97,84.03,11.01,22.02,57.36
1,Breeding,57,F24-3585,CIAT-BR-09-1232,2,Poales,Poaceae,Urochloa,interespecifico,Brachiaria interespecifico,Grass,4,97.24,13.8,86.2,10.08,21.03,55.66
1,Breeding,59,F24-3586,CIAT-BR-12-4951,2,Poales,Poaceae,Urochloa,interespecifico,Brachiaria interespecifico,Grass,4,95.75,15.48,84.52,11.1,23.29,56.86
1,Breeding,61,F24-3587,CIAT-BR-15-0722,2,Poales,Poaceae,Urochloa,interespecifico,Brachiaria interespecifico,Grass,4,95.22,14.06,85.94,10.31,26.18,60.21
1,Breeding,63,F24-3588,CIAT-BR-15-6487,2,Poales,Poaceae,Urochloa,interespecifico,Brachiaria interespecifico,Grass,4,95.07,13.57,86.43,9.61,24.55,59.73
1,Breeding,65,F24-3589,CIAT-BR-19-0029,2,Poales,Poaceae,Urochloa,interespecifico,Brachiaria interespecifico,Grass,4,96.07,14.13,85.87,10.08,23.98,58.41
1,Breeding,67,F24-3590,CIAT-BR-19-0423,2,Poales,Poaceae,Urochloa,interespecifico,Brachiaria interespecifico,Grass,4,95.35,13.9,86.1,10.11,24.49,59.22
1,Breeding,269,F25-0994,CIAT-CIAT-16048,2,Poales,Poaceae,Megathyrsus ,maximus,Megathyrsus maximus,Grass,9,97.56,15.28,84.72,17.34,32.0,67.1
1,Breeding,275,F25-0997,CIAT-CIAT-16051,2,Poales,Poaceae,Megathyrsus ,maximus,Megathyrsus maximus,Grass,9,96.15,13.98,86.02,14.91,31.61,68.22
1,Breeding,109,F24-3611,CIAT-CIAT-16888,2,Poales,Poaceae,Urochloa,humidicola,Brachiaria humidicola,Grass,5,96.78,11.69,88.31,6.11,30.81,70.0
1,Breeding,291,F25-1005,CIAT-CIAT-6799,2,Poales,Poaceae,Megathyrsus ,maximus,Megathyrsus maximus,Grass,9,96.01,12.66,87.34,13.54,33.7,71.55
1,Breeding,283,F25-1001,CIAT-CIAT-6890,2,Poales,Poaceae,Megathyrsus ,maximus,Megathyrsus maximus,Grass,9,96.17,12.32,87.68,15.87,34.27,71.39
1,Breeding,69,F24-3591,CIAT-CIAT-6962,2,Poales,Poaceae,Megathyrsus,maximus,Megathyrsus maximus,Grass,4,95.73,14.25,85.75,8.59,32.14,67.62
1,Breeding,71,F24-3592,CIAT-Mulato-II,2,Poales,Poaceae,Urochloa,interespecifico,Brachiaria interespecifico,Grass,4,96.66,14.97,85.03,11.85,24.36,59.42
1,Breeding,297,F25-1008,CIAT-PM-21-0047,2,Poales,Poaceae,Megathyrsus ,maximus,Megathyrsus maximus,Grass,9,96.13,14.93,85.07,14.15,32.29,65.85
1,Breeding,287,F25-1003,CIAT-PM-21-0052,2,Poales,Poaceae,Megathyrsus ,maximus,Megathyrsus maximus,Grass,9,95.44,14.13,85.87,15.41,31.81,65.13
1,Breeding,261,F25-0990,CIAT-PM-21-0053,2,Poales,Poaceae,Megathyrsus ,maximus,Megathyrsus maximus,Grass,9,95.8,11.41,88.59,14.92,32.66,67.93
1,Breeding,293,F25-1006,CIAT-PM-21-0055,2,Poales,Poaceae,Megathyrsus ,maximus,Megathyrsus maximus,Grass,9,96.3,13.33,86.67,16.48,31.62,65.68
1,Breeding,303,F25-1011,CIAT-PM-21-0059,2,Poales,Poaceae,Megathyrsus ,maximus,Megathyrsus maximus,Grass,9,97.53,14.03,85.97,16.71,31.7,65.46
1,Breeding,307,F25-1013,CIAT-PM-21-0062,2,Poales,Poaceae,Megathyrsus ,maximus,Megathyrsus maximus,Grass,9,98.12,15.74,84.26,13.47,24.42,67.94
1,Breeding,281,F25-1000,CIAT-PM-21-0076,2,Poales,Poaceae,Megathyrsus ,maximus,Megathyrsus maximus,Grass,9,94.91,15.42,84.58,16.15,32.19,67.6
1,Breeding,267,F25-0993,CIAT-PM-21-0086,2,Poales,Poaceae,Megathyrsus ,maximus,Megathyrsus maximus,Grass,9,97.47,15.36,84.64,14.81,31.02,67.38
1,Breeding,271,F25-0995,CIAT-PM-21-0185,2,Poales,Poaceae,Megathyrsus ,maximus,Megathyrsus maximus,Grass,9,96.49,13.88,86.12,16.73,27.9,66.83
1,Breeding,73,F24-3593,CIAT-PM-21-0215,4,Poales,Poaceae,Megathyrsus,maximus,Megathyrsus maximus,Grass,4,95.8,14.38,85.62,12.44,30.08,66.24
1,Breeding,75,F24-3594,CIAT-PM-21-0631,2,Poales,Poaceae,Megathyrsus,maximus,Megathyrsus maximus,Grass,4,96.8,13.99,86.01,9.06,28.78,62.86
1,Breeding,309,F25-1014,CIAT-PM-21-0906,2,Poales,Poaceae,Megathyrsus ,maximus,Megathyrsus maximus,Grass,9,97.41,15.32,84.68,14.67,19.5,67.2
1,Breeding,77,F24-3595,CIAT-PM-21-2195,4,Poales,Poaceae,Megathyrsus,maximus,Megathyrsus maximus,Grass,4,96.88,14.07,85.93,12.1,30.82,67.63
1,Breeding,301,F25-1010,CIAT-PM-21-2627,2,Poales,Poaceae,Megathyrsus ,maximus,Megathyrsus maximus,Grass,9,97.37,14.9,85.1,17.29,33.54,65.79
1,Breeding,79,F24-3596,CIAT-PM-21-3522,4,Poales,Poaceae,Megathyrsus,maximus,Megathyrsus maximus,Grass,4,96.8,15.13,84.87,10.92,27.36,65.59
1,Breeding,81,F24-3597,CIAT-PM-21-3534,2,Poales,Poaceae,Megathyrsus,maximus,Megathyrsus maximus,Grass,5,96.5,15.56,84.44,9.0,30.92,67.23
1,Breeding,83,F24-3598,CIAT-PM-21-3537,2,Poales,Poaceae,Megathyrsus,maximus,Megathyrsus maximus,Grass,5,97.29,14.48,85.52,10.87,26.81,61.94
1,Breeding,85,F24-3599,CIAT-PM-21-3545,2,Poales,Poaceae,Megathyrsus,maximus,Megathyrsus maximus,Grass,5,97.12,14.78,85.22,8.41,30.0,65.74
1,Breeding,263,F25-0991,CIAT-PM-21-3550,2,Poales,Poaceae,Megathyrsus ,maximus,Megathyrsus maximus,Grass,9,96.68,14.27,85.73,14.64,30.14,69.18
1,Breeding,265,F25-0992,CIAT-PM-21-3595,2,Poales,Poaceae,Megathyrsus ,maximus,Megathyrsus maximus,Grass,9,95.88,16.61,83.39,14.26,30.86,68.73
1,Breeding,87,F24-3600,CIAT-PM-21-3670,2,Poales,Poaceae,Megathyrsus,maximus,Megathyrsus maximus,Grass,5,97.13,14.6,85.4,8.83,29.26,64.38
1,Breeding,279,F25-0999,CIAT-PM-21-3684,2,Poales,Poaceae,Megathyrsus ,maximus,Megathyrsus maximus,Grass,9,97.38,13.46,86.54,14.78,30.39,70.03
1,Breeding,289,F25-1004,CIAT-PM-21-4449,2,Poales,Poaceae,Megathyrsus ,maximus,Megathyrsus maximus,Grass,9,96.14,12.8,87.2,14.54,32.67,70.18
1,Breeding,277,F25-0998,CIAT-PM-21-6080,2,Poales,Poaceae,Megathyrsus ,maximus,Megathyrsus maximus,Grass,9,96.35,15.44,84.56,18.29,31.99,67.47
1,Breeding,295,F25-1007,CIAT-PM-21-6529,2,Poales,Poaceae,Megathyrsus ,maximus,Megathyrsus maximus,Grass,9,96.56,14.92,85.08,12.68,30.15,68.18
1,Breeding,89,F24-3601,CIAT-PM-21-6628,2,Poales,Poaceae,Megathyrsus,maximus,Megathyrsus maximus,Grass,5,95.22,14.1,85.9,9.98,29.83,64.96
1,Breeding,285,F25-1002,CIAT-PM-21-6638,2,Poales,Poaceae,Megathyrsus ,maximus,Megathyrsus maximus,Grass,9,95.67,16.65,83.35,14.24,34.54,67.34
2,Genetic bank,55,F24-3636,CIAT-11162,2,Fabales,Fabaceae,Stylosanthes,scabra,Stylosanthes scabra,Herbaceous_legumes,14,91.46,22.3,77.69,17.11,23.0,51.4
2,Genetic bank,323,F25-0989,CIAT-11833,2,Fabales,Fabaceae,Stylosanthes,guianensis,Stylosanthes guianensis,Herbaceous_legumes,18,94.97,9.91,90.08,13.53,41.13,65.0
2,Genetic bank,285,F25-0970,CIAT-11998,2,Fabales,Fabaceae,Stylosanthes,guianensis,Stylosanthes guianensis,Herbaceous_legumes,18,94.6,12.78,87.22,14.22,33.38,63.5
2,Genetic bank,287,F25-0971,CIAT-13149,2,Fabales,Fabaceae,Desmodium,strigillosum,Desmodium strigillosum,Herbaceous_legumes,18,93.78,8.18,91.82,13.45,35.33,49.68
2,Genetic bank,201,F25-0931,CIAT-13268,2,Fabales,Fabaceae,Tadehagi,triquetrum,Tadehagi triquetrum,Herbaceous_legumes,17,94.21,7.54,92.46,14.85,42.8,50.67
2,Genetic bank,57,F24-3637,CIAT-13301,2,Fabales,Fabaceae,Desmodium,sequax,Desmodium sequax,Herbaceous_legumes,14,92.57,20.83,79.17,19.83,51.0,58.71
2,Genetic bank,289,F25-0972,CIAT-13389,2,Fabales,Fabaceae,Desmodium,sequax,Desmodium sequax,Herbaceous_legumes,18,93.82,8.25,91.76,14.94,48.34,57.13
2,Genetic bank,291,F25-0973,CIAT-13651,2,Fabales,Fabaceae,Desmodium,heterocarpon,Desmodium heterocarpon,Herbaceous_legumes,18,95.04,9.16,90.84,16.15,38.99,55.6
2,Genetic bank,223,F25-0942,CIAT-13692,2,Fabales,Fabaceae,Desmodium,velutinum,Desmodium velutinum,Shrub_Trees,17,94.92,10.58,89.42,18.55,32.17,55.22
2,Genetic bank,293,F25-0974,CIAT-13946,2,Fabales,Fabaceae,Desmodium,sequax,Desmodium sequax,Herbaceous_legumes,18,93.82,6.8,93.2,14.37,53.08,60.83
2,Genetic bank,111,F24-3540,CIAT-1467,2,Fabales,Fabaceae,Stylosanthes,hamata,Stylosanthes hamata,Herbaceous_legumes,15,92.62,8.54,91.46,13.64,34.78,96.96
2,Genetic bank,113,F24-3541,CIAT-1475,2,Fabales,Fabaceae,Stylosanthes,hamata,Stylosanthes hamata,Herbaceous_legumes,15,90.79,8.75,91.24,17.29,37.43,87.8
2,Genetic bank,225,F25-0943,CIAT-15121,2,Fabales,Fabaceae,Centrosema,macrocarpum,Centrosema macrocarpum,Herbaceous_legumes,17,93.92,11.18,88.82,19.77,30.28,50.42
2,Genetic bank,227,F25-0944,CIAT-15150,2,Fabales,Fabaceae,Centrosema,molle,Centrosema molle,Herbaceous_legumes,17,93.1,8.72,91.28,20.03,28.83,62.44
2,Genetic bank,229,F25-0945,CIAT-15154,2,Fabales,Fabaceae,Centrosema,molle,Centrosema molle,Herbaceous_legumes,17,94.36,7.93,92.07,26.23,33.34,65.84
2,Genetic bank,295,F25-0975,CIAT-15160,2,Fabales,Fabaceae,Centrosema,molle,Centrosema molle,Herbaceous_legumes,18,94.54,10.0,90.0,21.46,35.17,61.86
2,Genetic bank,59,F24-3638,CIAT-15401,2,Fabales,Fabaceae,Centrosema,brasilianum,Centrosema brasilianum,Herbaceous_legumes,14,93.22,17.65,82.35,17.11,28.58,49.64
2,Genetic bank,199,F25-0930,CIAT-15470,2,Fabales,Fabaceae,Centrosema,molle,Centrosema molle,Herbaceous_legumes,17,94.26,9.21,90.79,24.65,32.1,58.39
2,Genetic bank,197,F25-0929,CIAT-15474,2,Fabales,Fabaceae,Centrosema,molle,Centrosema molle,Herbaceous_legumes,17,92.3,9.16,90.84,30.58,34.16,56.03
2,Genetic bank,231,F25-0946,CIAT-15561,2,Fabales,Fabaceae,Centrosema,molle,Centrosema molle,Herbaceous_legumes,17,92.51,9.54,90.46,25.06,39.02,70.84
2,Genetic bank,233,F25-0947,CIAT-15799,2,Fabales,Fabaceae,Centrosema,macrocarpum,Centrosema macrocarpum,Herbaceous_legumes,17,92.82,19.53,80.47,17.46,31.86,59.55
2,Genetic bank,235,F25-0948,CIAT-15816,2,Fabales,Fabaceae,Centrosema,acutifolium,Centrosema acutifolium,Herbaceous_legumes,17,95.74,10.18,89.82,20.6,27.52,51.4
2,Genetic bank,115,F24-3542,CIAT-1650,2,Fabales,Fabaceae,Stylosanthes,guianensis,Stylosanthes guianensis,Herbaceous_legumes,15,91.92,12.67,87.33,15.65,34.65,103.48
2,Genetic bank,297,F25-0976,CIAT-17000,2,Fabales,Fabaceae,Chamaecrista,rotundifolia,Chamaecrista rotundifolia,Herbaceous_legumes,18,94.58,7.84,92.16,17.38,24.2,48.8
2,Genetic bank,299,F25-0977,CIAT-17009,2,Fabales,Fabaceae,Canavalia,brasiliensis,Canavalia brasiliensis,Herbaceous_legumes,18,94.78,11.77,88.23,22.97,15.64,39.88
2,Genetic bank,117,F24-3543,CIAT-1706,2,Fabales,Fabaceae,Stylosanthes,humilis,Stylosanthes humilis,Herbaceous_legumes,15,92.7,14.73,85.27,19.4,31.88,99.59
2,Genetic bank,109,F24-3539,CIAT-172,2,Fabales,Fabaceae,Stylosanthes,hamata,Stylosanthes hamata,Herbaceous_legumes,15,91.18,10.02,89.98,14.34,35.0,86.21
2,Genetic bank,119,F24-3544,CIAT-1727,2,Fabales,Fabaceae,Stylosanthes,humilis,Stylosanthes humilis,Herbaceous_legumes,15,92.12,13.82,86.18,18.76,34.12,101.34
2,Genetic bank,67,F24-3639,CIAT-17360,2,Fabales,Fabaceae,Alysicarpus,vaginalis,Alysicarpus vaginalis,Herbaceous_legumes,15,92.85,21.71,78.29,24.55,20.16,37.06
2,Genetic bank,69,F24-3640,CIAT-17768,2,Fabales,Fabaceae,Clitoria,ternatea,Clitoria ternatea,Herbaceous_legumes,15,93.48,6.89,93.11,15.45,12.14,48.08
2,Genetic bank,71,F24-3641,CIAT-18004,2,Fabales,Fabaceae,Chamaecrista,rotundifolia,Chamaecrista rotundifolia,Herbaceous_legumes,15,92.94,6.78,93.22,15.74,14.9,45.46
2,Genetic bank,121,F24-3545,CIAT-1803,2,Fabales,Fabaceae,Stylosanthes,humilis,Stylosanthes humilis,Herbaceous_legumes,15,91.86,8.67,91.33,17.76,34.2,77.62
2,Genetic bank,73,F24-3642,CIAT-18430,2,Fabales,Fabaceae,Alysicarpus,vaginalis,Alysicarpus vaginalis,Herbaceous_legumes,15,92.65,12.1,87.9,24.28,21.54,40.06
2,Genetic bank,311,F25-0983,CIAT-18437,2,Fabales,Fabaceae,Flemingia,macrophylla,Flemingia macrophylla,Shrub_Trees,18,95.67,4.88,95.12,17.19,47.66,65.07
2,Genetic bank,301,F25-0978,CIAT-18700,2,Fabales,Fabaceae,Cajanus,cajan,Cajanus cajan,Shrub_Trees,18,93.9,7.36,92.64,22.88,42.28,54.12
2,Genetic bank,207,F25-0934,CIAT-18701,2,Fabales,Fabaceae,Cajanus,cajan,Cajanus cajan,Shrub_Trees,17,94.79,7.06,92.94,23.9,48.14,60.12
2,Genetic bank,75,F24-3644,CIAT-18708,2,Fabales,Fabaceae,Crotalaria,pallida,Crotalaria pallida,Herbaceous_legumes,15,92.86,10.77,89.22,23.89,18.17,42.86
2,Genetic bank,77,F24-3645,CIAT-18850,2,Fabales,Fabaceae,Alysicarpus,rugosus,Alysicarpus rugosus,Herbaceous_legumes,15,93.94,14.28,85.72,23.09,20.43,40.56
2,Genetic bank,79,F24-3646,CIAT-18865,2,Fabales,Fabaceae,Alysicarpus,rugosus,Alysicarpus rugosus,Herbaceous_legumes,15,93.43,13.54,86.46,18.24,23.38,41.27
2,Genetic bank,303,F25-0979,CIAT-18873,2,Fabales,Fabaceae,Alysicarpus,ferrugineus,Alysicarpus ferrugineus,Herbaceous_legumes,18,95.02,9.34,90.66,15.36,34.52,51.78
2,Genetic bank,81,F24-3647,CIAT-19032,2,Fabales,Fabaceae,Canavalia,sp.,Canavalia sp.,Herbaceous_legumes,15,92.42,14.73,85.28,23.96,17.66,39.85
2,Genetic bank,83,F24-3648,CIAT-19119,2,Fabales,Fabaceae,Alysicarpus,rugosus,Alysicarpus rugosus,Herbaceous_legumes,15,92.5,23.76,76.24,20.28,22.2,41.36
2,Genetic bank,123,F24-3546,CIAT-1964,2,Fabales,Fabaceae,Stylosanthes,guianensis,Stylosanthes guianensis,Herbaceous_legumes,15,90.29,9.43,90.57,16.9,34.86,79.75
2,Genetic bank,305,F25-0980,CIAT-19867,2,Fabales,Fabaceae,Uraria,lagopodioides,Uraria lagopodioides,Herbaceous_legumes,18,95.9,15.46,84.54,19.32,25.83,44.28
2,Genetic bank,437,F25-1655,CIAT-1992,2,Fabales,Fabaceae,Stylosanthes,guianensis,Stylosanthes guianensis,Herbaceous_legumes,20,92.47,8.32,91.68,19.95,38.55,60.22
2,Genetic bank,307,F25-0981,CIAT-20207,2,Fabales,Fabaceae,Aeschynomene,sensitiva,Aeschynomene sensitiva,Herbaceous_legumes,18,90.74,5.98,94.02,21.92,25.34,52.9
2,Genetic bank,85,F24-3650,CIAT-20303,2,Fabales,Fabaceae,Canavalia,brasiliensis,Canavalia brasiliensis,Herbaceous_legumes,15,88.98,16.2,83.8,21.53,12.76,33.06
2,Genetic bank,237,F25-0949,CIAT-20304,2,Fabales,Fabaceae,Canavalia,brasiliensis,Canavalia brasiliensis,Herbaceous_legumes,17,94.54,12.08,87.92,22.84,20.76,47.58
2,Genetic bank,87,F24-3651,CIAT-20589,2,Fabales,Fabaceae,Uraria,lagopodioides,Uraria lagopodioides,Herbaceous_legumes,15,92.04,21.08,78.93,20.68,21.06,38.55
2,Genetic bank,309,F25-0982,CIAT-20709,2,Fabales,Fabaceae,Calopogonium,mucunoides,Calopogonium mucunoides,Herbaceous_legumes,18,93.94,9.01,90.99,16.64,33.13,48.82
2,Genetic bank,209,F25-0935,CIAT-20891,2,Fabales,Fabaceae,Cajanus,cajan,Cajanus cajan,Shrub_Trees,17,95.25,8.19,91.81,20.08,43.44,53.83
2,Genetic bank,239,F25-0950,CIAT-21603,2,Fabales,Fabaceae,Lablab,purpureus,Lablab purpureus,Herbaceous_legumes,17,94.28,8.46,91.54,18.15,20.07,52.44
2,Genetic bank,89,F24-3652,CIAT-21687,2,Fabales,Fabaceae,Desmanthus,virgatus,Desmanthus virgatus,Shrub_Trees,15,91.86,8.54,91.46,28.43,32.71,47.95
2,Genetic bank,91,F24-3653,CIAT-22048,2,Fabales,Fabaceae,Aeschynomene,americana,Aeschynomene americana,Herbaceous_legumes,15,89.4,10.14,89.85,21.74,16.05,41.36
2,Genetic bank,93,F24-3654,CIAT-22156,2,Fabales,Fabaceae,Arachis,pintoi,Arachis pintoi,Herbaceous_legumes,15,89.7,10.45,89.55,20.83,24.72,41.79
2,Genetic bank,95,F24-3655,CIAT-22507,2,Fabales,Fabaceae,Desmanthus,subulatus,Desmanthus subulatus,Shrub_Trees,15,89.94,9.48,90.52,29.9,32.22,43.71
2,Genetic bank,97,F24-3656,CIAT-22510,2,Fabales,Fabaceae,Desmanthus,bicornutus,Desmanthus bicornutus,Shrub_Trees,15,87.95,10.54,89.46,25.93,36.07,42.87
2,Genetic bank,99,F24-3657,CIAT-22598,2,Fabales,Fabaceae,Lablab,purpureus,Lablab purpureus,Herbaceous_legumes,15,88.94,12.58,87.42,31.13,28.04,45.42
2,Genetic bank,203,F25-0932,CIAT-22768,2,Fabales,Fabaceae,Lablab,purpureus,Lablab purpureus,Herbaceous_legumes,17,94.18,8.72,91.28,23.69,23.94,49.53
2,Genetic bank,205,F25-0933,CIAT-22770,2,Fabales,Fabaceae,Lablab,purpureus,Lablab purpureus,Herbaceous_legumes,17,93.29,7.62,92.38,21.39,21.71,40.34
2,Genetic bank,101,F24-3658,CIAT-22784,2,Fabales,Fabaceae,Desmanthus,bicornutus,Desmanthus bicornutus,Shrub_Trees,15,92.62,10.43,89.57,30.03,30.63,41.66
2,Genetic bank,241,F25-0951,CIAT-23248,2,Fabales,Fabaceae,Desmodium,velutinum,Desmodium velutinum,Shrub_Trees,17,94.94,10.48,89.52,18.85,22.8,42.05
2,Genetic bank,243,F25-0952,CIAT-23271,2,Fabales,Fabaceae,Desmodium,velutinum,Desmodium velutinum,Shrub_Trees,17,95.06,13.78,86.22,17.34,21.92,45.84
2,Genetic bank,245,F25-0953,CIAT-23279,2,Fabales,Fabaceae,Desmodium,velutinum,Desmodium velutinum,Shrub_Trees,17,93.49,10.63,89.37,19.89,22.24,45.64
2,Genetic bank,247,F25-0954,CIAT-23326,2,Fabales,Fabaceae,Desmodium,velutinum,Desmodium velutinum,Shrub_Trees,17,95.84,15.05,84.95,18.11,23.0,40.0
2,Genetic bank,103,F24-3659,CIAT-25113,2,Fabales,Fabaceae,Centrosema,brasilianum,Centrosema brasilianum,Herbaceous_legumes,15,91.8,11.89,88.11,22.96,29.7,53.7
2,Genetic bank,313,F25-0984,CIAT-25522,2,Fabales,Fabaceae,Centrosema,macrocarpum,Centrosema macrocarpum,Herbaceous_legumes,18,95.3,9.9,90.1,20.98,28.86,50.65
2,Genetic bank,315,F25-0985,CIAT-25704,2,Fabales,Fabaceae,Centrosema,molle x acutifolium,Centrosema molle x acutifolium,Herbaceous_legumes,18,95.74,7.2,92.8,24.11,32.58,58.64
2,Genetic bank,125,F24-3547,CIAT-2613,2,Fabales,Fabaceae,Stylosanthes,guianensis,Stylosanthes guianensis,Herbaceous_legumes,15,91.94,13.26,86.74,12.31,37.2,76.95
2,Genetic bank,439,F25-1656,CIAT-3001,2,Fabales,Fabaceae,Codariocalyx,gyroides,Codariocalyx gyroides,Shrub_Trees,20,94.5,6.97,93.03,15.82,40.09,57.84
2,Genetic bank,265,F25-0960,CIAT-3187,2,Fabales,Fabaceae,Desmodium,cajanifolium,Desmodium cajanifolium,Shrub_Trees,18,94.04,11.9,88.1,20.67,22.2,35.94
2,Genetic bank,1,F24-3536,CIAT-32379,2,Fabales,Fabaceae,Desmanthus,pubescens,Desmanthus pubescens,Shrub_Trees,14,92.94,8.25,91.76,27.65,18.95,74.62
2,Genetic bank,3,F24-3537,CIAT-32380,2,Fabales,Fabaceae,Desmanthus,pubescens,Desmanthus pubescens,Shrub_Trees,14,93.3,8.76,91.24,29.33,30.9,78.27
2,Genetic bank,441,F25-1657,CIAT-3304,2,Fabales,Fabaceae,Desmodium,cajanifolium,Desmodium cajanifolium,Shrub_Trees,20,94.91,8.2,91.8,20.82,24.97,46.61
2,Genetic bank,105,F24-3660,CIAT-33114,2,Fabales,Fabaceae,Dendrolobium,sp.,Dendrolobium sp.,Shrub_Trees,15,91.53,13.54,86.46,18.81,40.5,55.0
2,Genetic bank,5,F24-3538,CIAT-33249,2,Fabales,Fabaceae,Desmodium,velutinum,Desmodium velutinum,Shrub_Trees,14,93.13,9.68,90.32,16.48,42.75,79.24
2,Genetic bank,249,F25-0955,CIAT-33255,2,Fabales,Fabaceae,Desmodium,velutinum,Desmodium velutinum,Shrub_Trees,17,94.96,13.77,86.23,18.56,25.18,45.4
2,Genetic bank,251,F25-0956,CIAT-33428,2,Fabales,Fabaceae,Desmodium,velutinum,Desmodium velutinum,Shrub_Trees,17,96.18,9.49,90.5,17.04,34.06,50.62
2,Genetic bank,253,F25-0957,CIAT-33451,2,Fabales,Fabaceae,Desmodium,velutinum,Desmodium velutinum,Shrub_Trees,17,96.0,7.8,92.2,14.71,34.35,45.9
2,Genetic bank,255,F25-0958,CIAT-33463,2,Fabales,Fabaceae,Desmodium,velutinum,Desmodium velutinum,Shrub_Trees,17,96.22,15.16,84.84,16.13,23.84,39.72
2,Genetic bank,317,F25-0986,CIAT-33729,2,Fabales,Fabaceae,Desmodium,cinereum,Desmodium cinereum,Shrub_Trees,18,94.15,15.73,84.27,19.2,22.88,40.07
2,Genetic bank,319,F25-0987,CIAT-33827,2,Fabales,Fabaceae,Desmodium,incanum,Desmodium incanum,Herbaceous_legumes,18,93.88,15.54,84.46,16.09,40.08,49.1
2,Genetic bank,263,F25-0959,CIAT-350,2,Fabales,Fabaceae,Desmodium,heterocarpon,Desmodium heterocarpon,Herbaceous_legumes,18,94.34,8.73,91.27,14.87,40.83,51.36
2,Genetic bank,21,F24-3619,CIAT-3813,2,Fabales,Fabaceae,Desmodium,sequax,Desmodium sequax,Herbaceous_legumes,14,93.1,13.82,86.18,17.62,46.86,54.96
2,Genetic bank,7,F24-3612,CIAT-398,2,Fabales,Fabaceae,Desmodium,incanum,Desmodium incanum,Herbaceous_legumes,14,91.78,17.46,82.54,17.92,37.86,50.73
2,Genetic bank,267,F25-0961,CIAT-4028,2,Fabales,Fabaceae,Galactia,glaucescens,Galactia glaucescens,Herbaceous_legumes,18,94.52,11.85,88.15,12.55,46.68,65.42
2,Genetic bank,107,F24-3662,CIAT-43477,2,Fabales,Fabaceae,Desmodium,cinereum,Desmodium cinereum,Shrub_Trees,15,91.15,13.83,86.17,24.66,17.46,38.35
2,Genetic bank,9,F24-3613,CIAT-438,2,Fabales,Fabaceae,Centrosema,molle x acutifolium,Centrosema molle x acutifolium,Herbaceous_legumes,14,93.68,14.48,85.52,21.03,38.17,60.2
2,Genetic bank,11,F24-3614,CIAT-442,2,Fabales,Fabaceae,Centrosema,molle x acutifolium,Centrosema molle x acutifolium,Herbaceous_legumes,14,93.94,17.65,82.35,17.82,30.34,55.32
2,Genetic bank,13,F24-3615,CIAT-466,2,Fabales,Fabaceae,Vigna,umbellata,Vigna umbellata,Herbaceous_legumes,14,92.76,18.26,81.74,16.36,18.73,45.1
2,Genetic bank,211,F25-0936,CIAT-5172,2,Fabales,Fabaceae,Centrosema,molle,Centrosema molle,Herbaceous_legumes,17,93.66,10.84,89.16,26.38,37.64,61.88
2,Genetic bank,269,F25-0962,CIAT-5277,2,Fabales,Fabaceae,Centrosema,acutifolium,Centrosema acutifolium,Herbaceous_legumes,18,91.43,7.55,92.45,19.78,31.58,61.88
2,Genetic bank,213,F25-0937,CIAT-5452,2,Fabales,Fabaceae,Centrosema,macrocarpum,Centrosema macrocarpum,Herbaceous_legumes,17,94.72,16.57,83.43,15.2,33.25,50.51
2,Genetic bank,23,F24-3620,CIAT-5512,2,Fabales,Fabaceae,Centrosema,brasilianum,Centrosema brasilianum,Herbaceous_legumes,14,92.27,9.81,90.19,22.16,28.68,46.39
2,Genetic bank,25,F24-3621,CIAT-5568,2,Fabales,Fabaceae,Centrosema,acutifolium,Centrosema acutifolium,Herbaceous_legumes,14,91.58,11.85,88.15,17.29,39.06,58.44
2,Genetic bank,27,F24-3622,CIAT-5657,2,Fabales,Fabaceae,Centrosema,brasilianum,Centrosema brasilianum,Herbaceous_legumes,14,91.84,10.66,89.34,21.64,30.82,54.0
2,Genetic bank,443,F25-1658,CIAT-5713,2,Fabales,Fabaceae,Centrosema,macrocarpum,Centrosema macrocarpum,Herbaceous_legumes,20,94.64,9.34,90.66,15.88,24.61,45.9
2,Genetic bank,215,F25-0938,CIAT-5733,2,Fabales,Fabaceae,Centrosema,macrocarpum,Centrosema macrocarpum,Herbaceous_legumes,17,95.24,12.32,87.68,15.96,30.02,47.8
2,Genetic bank,217,F25-0939,CIAT-5735,2,Fabales,Fabaceae,Centrosema,macrocarpum,Centrosema macrocarpum,Herbaceous_legumes,17,94.0,8.92,91.08,26.53,30.74,50.72
2,Genetic bank,29,F24-3623,CIAT-5744,2,Fabales,Fabaceae,Centrosema,macrocarpum,Centrosema macrocarpum,Herbaceous_legumes,14,93.6,14.86,85.14,17.67,33.74,56.91
2,Genetic bank,219,F25-0940,CIAT-5749,2,Fabales,Fabaceae,Centrosema,plumieri,Centrosema plumieri,Herbaceous_legumes,17,93.08,8.7,91.3,21.84,26.07,61.28
2,Genetic bank,221,F25-0941,CIAT-5911,2,Fabales,Fabaceae,Centrosema,macrocarpum,Centrosema macrocarpum,Herbaceous_legumes,17,95.34,11.54,88.46,15.5,30.38,53.06
2,Genetic bank,31,F24-3624,CIAT-7131,2,Fabales,Fabaceae,Eriosema,diffusum,Eriosema diffusum,Herbaceous_legumes,14,92.21,7.09,92.91,16.02,49.78,61.86
2,Genetic bank,15,F24-3616,CIAT-715,2,Fabales,Fabaceae,Canavalia,ensiformis,Canavalia ensiformis,Herbaceous_legumes,14,90.62,18.66,81.34,20.82,18.46,41.73
2,Genetic bank,271,F25-0963,CIAT-7227,2,Fabales,Fabaceae,Galactia,texana,Galactia texana,Herbaceous_legumes,18,93.04,16.05,83.96,12.52,26.88,41.77
2,Genetic bank,33,F24-3625,CIAT-7318,2,Fabales,Fabaceae,Canavalia,sp.,Canavalia sp.,Herbaceous_legumes,14,92.41,17.32,82.68,17.71,20.9,41.26
2,Genetic bank,445,F25-1659,CIAT-7381,2,Fabales,Fabaceae,Galactia,glaucescens,Galactia glaucescens,Herbaceous_legumes,20,94.47,12.77,87.23,13.58,46.86,68.34
2,Genetic bank,35,F24-3626,CIAT-7395,2,Fabales,Fabaceae,Galactia,striata,Galactia striata,Herbaceous_legumes,14,91.72,16.66,83.34,13.71,20.78,47.98
2,Genetic bank,37,F24-3627,CIAT-7648,2,Fabales,Fabaceae,Canavalia,brasiliensis,Canavalia brasiliensis,Herbaceous_legumes,14,91.98,18.02,81.98,22.05,17.99,40.89
2,Genetic bank,39,F24-3628,CIAT-7746,2,Fabales,Fabaceae,Crotalaria,paulina,Crotalaria paulina,Herbaceous_legumes,14,92.06,22.45,77.55,14.81,21.01,43.06
2,Genetic bank,447,F25-1660,CIAT-7799,2,Fabales,Fabaceae,Dioclea,guianensis,Dioclea guianensis,Herbaceous_legumes,20,93.46,7.77,92.23,20.38,52.92,65.25
2,Genetic bank,449,F25-1661,CIAT-7803,2,Fabales,Fabaceae,Dioclea,holtiana,Dioclea holtiana,Herbaceous_legumes,20,94.24,11.45,88.55,20.31,41.02,58.24
2,Genetic bank,41,F24-3629,CIAT-7813,2,Fabales,Fabaceae,Indigofera,cryptantha,Indigofera cryptantha,Herbaceous_legumes,14,90.14,12.32,87.68,26.44,20.9,30.7
2,Genetic bank,43,F24-3630,CIAT-7831,2,Fabales,Fabaceae,Tephrosia,rhodesica,Tephrosia rhodesica,Shrub_Trees,14,93.6,17.2,82.8,21.67,19.27,51.96
2,Genetic bank,45,F24-3631,CIAT-7894,2,Fabales,Fabaceae,Canavalia,brasiliensis,Canavalia brasiliensis,Herbaceous_legumes,14,93.35,21.76,78.24,21.16,19.12,40.92
2,Genetic bank,429,F25-1651,CIAT-798,2,Fabales,Fabaceae,Galactia,striata,Galactia striata,Herbaceous_legumes,20,92.61,11.1,88.9,17.15,24.95,56.89
2,Genetic bank,47,F24-3632,CIAT-7991,2,Fabales,Fabaceae,Indigofera,suffruticosa,Indigofera suffruticosa,Herbaceous_legumes,14,92.96,23.02,76.97,24.54,23.24,39.11
2,Genetic bank,273,F25-0964,CIAT-8013,2,Fabales,Fabaceae,Crotalaria,paulina,Crotalaria paulina,Herbaceous_legumes,18,93.74,10.6,89.4,22.95,17.85,61.05
2,Genetic bank,275,F25-0965,CIAT-8156,2,Fabales,Fabaceae,Chamaecrista,rotundifolia,Chamaecrista rotundifolia,Herbaceous_legumes,18,94.11,9.97,90.03,24.22,33.74,58.74
2,Genetic bank,451,F25-1662,CIAT-8182,2,Fabales,Fabaceae,Eriosema,diffusum,Eriosema diffusum,Herbaceous_legumes,20,93.32,7.32,92.68,13.83,46.99,63.36
2,Genetic bank,49,F24-3633,CIAT-8202,2,Fabales,Fabaceae,Chamaecrista,rotundifolia,Chamaecrista rotundifolia,Herbaceous_legumes,14,92.66,17.52,82.48,24.37,22.99,45.97
2,Genetic bank,431,F25-1652,CIAT-822,2,Fabales,Fabaceae,Calopogonium,mucunoides,Calopogonium mucunoides,Herbaceous_legumes,20,94.05,6.64,93.36,17.01,26.72,46.8
2,Genetic bank,453,F25-1663,CIAT-8434,2,Fabales,Fabaceae,Dioclea,sericea,Dioclea sericea,Herbaceous_legumes,20,93.52,8.37,91.63,18.05,46.47,62.41
2,Genetic bank,321,F25-0988,CIAT-8512,2,Fabales,Fabaceae,Calopogonium,caeruleum,Calopogonium caeruleum,Herbaceous_legumes,18,92.94,10.36,89.64,22.41,30.93,50.42
2,Genetic bank,433,F25-1653,CIAT-852,2,Fabales,Fabaceae,Dioclea,sericea,Dioclea sericea,Herbaceous_legumes,20,93.77,9.56,90.44,14.73,45.62,63.41
2,Genetic bank,455,F25-1664,CIAT-8702,2,Fabales,Fabaceae,Calopogonium,caeruleum,Calopogonium caeruleum,Herbaceous_legumes,20,93.01,8.68,91.32,23.92,31.39,50.99
2,Genetic bank,457,F25-1665,CIAT-8816,2,Fabales,Fabaceae,Crotalaria,micans,Crotalaria micans,Herbaceous_legumes,20,93.45,9.29,90.71,25.38,21.11,41.72
2,Genetic bank,17,F24-3617,CIAT-887,2,Fabales,Fabaceae,Calopogonium,mucunoides,Calopogonium mucunoides,Herbaceous_legumes,14,92.18,12.7,87.3,21.0,25.91,44.12
2,Genetic bank,435,F25-1654,CIAT-907,2,Fabales,Fabaceae,Dioclea,virgata,Dioclea virgata,Herbaceous_legumes,20,92.97,9.28,90.72,16.71,33.35,61.77
2,Genetic bank,51,F24-3634,CIAT-9189,2,Fabales,Fabaceae,Indigofera,suffruticosa,Indigofera suffruticosa,Herbaceous_legumes,14,92.22,24.08,75.91,29.1,20.19,39.4
2,Genetic bank,19,F24-3618,CIAT-923,2,Fabales,Fabaceae,Galactia,latisiliqua,Galactia latisiliqua,Herbaceous_legumes,14,92.82,15.71,84.3,18.23,16.14,46.7
2,Genetic bank,277,F25-0966,CIAT-9323,2,Fabales,Fabaceae,Crotalaria,vitellina,Crotalaria vitellina,Herbaceous_legumes,18,92.4,6.06,93.94,25.36,17.48,45.44
2,Genetic bank,53,F24-3635,CIAT-9434,2,Fabales,Fabaceae,Clitoria,ternatea,Clitoria ternatea,Herbaceous_legumes,14,90.76,16.82,83.18,25.12,17.44,47.68
2,Genetic bank,279,F25-0967,CIAT-9537,2,Fabales,Fabaceae,Crotalaria,sagittalis,Crotalaria sagittalis,Herbaceous_legumes,18,91.78,13.02,86.98,22.86,19.84,50.48
2,Genetic bank,281,F25-0968,CIAT-9690,2,Fabales,Fabaceae,Aeschynomene,histrix,Aeschynomene histrix,Herbaceous_legumes,18,93.78,11.43,88.56,20.22,17.6,49.99
2,Genetic bank,283,F25-0969,CIAT-9900,2,Fabales,Fabaceae,Pueraria,phaseoloides,Pueraria phaseoloides,Herbaceous_legumes,18,92.79,10.57,89.43,18.92,32.74,55.46
2,Breding ,465,F25-2144,CIAT-BH-16-1763,2,Poales,Poaceae,Urochloa,humidicola,Urochloa humidicola,Grass,21,97.83,11.86,88.14,7.2,30.68,67.87
2,Breding ,467,F25-2145,CIAT-BH-16-B-2165,2,Poales,Poaceae,Urochloa,humidicola,Urochloa humidicola,Grass,21,97.83,10.78,89.22,6.57,31.35,71.26
2,Breding ,469,F25-2146,CIAT-BH-16-B-2167,2,Poales,Poaceae,Urochloa,humidicola,Urochloa humidicola,Grass,21,98.1,11.51,88.49,6.34,34.92,72.45
2,Breding ,539,F25-2178,CIAT-BH-22-0071,2,Poales,Poaceae,Urochloa,humidicola,Urochloa humidicola,Grass,22,97.09,13.53,86.47,7.41,36.88,70.97
2,Breding ,521,F25-2172,CIAT-BH-22-0132,2,Poales,Poaceae,Urochloa,humidicola,Urochloa humidicola,Grass,21,96.53,10.96,89.04,6.6,35.42,71.89
2,Breding ,533,F25-2175,CIAT-BH-22-0456,2,Poales,Poaceae,Urochloa,humidicola,Urochloa humidicola,Grass,22,96.71,10.99,89.01,6.02,29.8,67.9
2,Breding ,509,F25-2166,CIAT-BH-22-0528,2,Poales,Poaceae,Urochloa,humidicola,Urochloa humidicola,Grass,21,98.21,13.78,86.22,8.77,36.8,73.56
2,Breding ,517,F25-2170,CIAT-BH-22-0765,2,Poales,Poaceae,Urochloa,humidicola,Urochloa humidicola,Grass,21,97.49,10.75,89.25,9.79,36.16,72.26
2,Breding ,503,F25-2163,CIAT-BH-22-1258,2,Poales,Poaceae,Urochloa,humidicola,Urochloa humidicola,Grass,21,97.73,12.53,87.47,7.02,34.18,71.11
2,Breding ,543,F25-2180,CIAT-BH-22-1267,2,Poales,Poaceae,Urochloa,humidicola,Urochloa humidicola,Grass,22,97.72,10.32,89.68,5.99,32.77,70.79
2,Breding ,545,F25-2181,CIAT-BH-22-1303,2,Poales,Poaceae,Urochloa,humidicola,Urochloa humidicola,Grass,22,96.86,11.54,88.46,7.59,35.25,72.12
2,Breding ,505,F25-2164,CIAT-BH-22-1370,2,Poales,Poaceae,Urochloa,humidicola,Urochloa humidicola,Grass,21,97.72,15.36,84.64,8.67,29.64,66.17
2,Breding ,491,F25-2157,CIAT-BH-22-1375,2,Poales,Poaceae,Urochloa,humidicola,Urochloa humidicola,Grass,21,97.27,13.89,86.11,7.61,32.47,67.66
2,Breding ,499,F25-2161,CIAT-BH-22-1706,2,Poales,Poaceae,Urochloa,humidicola,Urochloa humidicola,Grass,21,97.71,11.63,88.37,5.66,34.58,72.37
2,Breding ,535,F25-2176,CIAT-BH-22-1832,2,Poales,Poaceae,Urochloa,humidicola,Urochloa humidicola,Grass,22,97.35,10.82,89.18,6.64,32.6,72.56
2,Breding ,537,F25-2177,CIAT-BH-22-1872,2,Poales,Poaceae,Urochloa,humidicola,Urochloa humidicola,Grass,22,97.63,11.57,88.43,6.9,33.73,71.31
2,Breding ,549,F25-2183,CIAT-BH-22-2046,2,Poales,Poaceae,Urochloa,humidicola,Urochloa humidicola,Grass,22,97.08,10.35,89.65,6.71,32.18,70.29
2,Breding ,531,F25-2174,CIAT-BH-22-2074,2,Poales,Poaceae,Urochloa,humidicola,Urochloa humidicola,Grass,22,96.84,13.34,86.66,7.65,31.56,67.8
2,Breding ,515,F25-2169,CIAT-BH-22-2189,2,Poales,Poaceae,Urochloa,humidicola,Urochloa humidicola,Grass,21,96.9,15.59,84.41,8.01,33.24,68.2
2,Breding ,507,F25-2165,CIAT-BH-22-2225,2,Poales,Poaceae,Urochloa,humidicola,Urochloa humidicola,Grass,21,98.06,10.2,89.8,6.62,36.25,73.12
2,Breding ,547,F25-2182,CIAT-BH-22-2508,2,Poales,Poaceae,Urochloa,humidicola,Urochloa humidicola,Grass,22,97.89,13.19,86.81,8.68,33.88,70.43
2,Breding ,519,F25-2171,CIAT-BH-22-2531,2,Poales,Poaceae,Urochloa,humidicola,Urochloa humidicola,Grass,21,96.45,12.34,87.66,6.22,33.04,71.22
2,Breding ,489,F25-2156,CIAT-BH-22-3115,2,Poales,Poaceae,Urochloa,humidicola,Urochloa humidicola,Grass,21,97.62,11.25,88.75,5.65,33.37,70.99
2,Breding ,511,F25-2167,CIAT-BH-22-3507,2,Poales,Poaceae,Urochloa,humidicola,Urochloa humidicola,Grass,21,97.94,12.18,87.82,6.61,35.29,71.87
2,Breding ,523,F25-2173,CIAT-BH-22-3521,2,Poales,Poaceae,Urochloa,humidicola,Urochloa humidicola,Grass,21,97.41,11.34,88.66,8.41,27.69,67.79
2,Breding ,483,F25-2153,CIAT-BH-22-4092,2,Poales,Poaceae,Urochloa,humidicola,Urochloa humidicola,Grass,21,98.22,14.52,85.48,7.39,30.64,67.4
2,Breding ,501,F25-2162,CIAT-BH-22-4169,2,Poales,Poaceae,Urochloa,humidicola,Urochloa humidicola,Grass,21,97.63,12.27,87.73,7.41,35.74,72.26
2,Breding ,513,F25-2168,CIAT-BH-22-4253,2,Poales,Poaceae,Urochloa,humidicola,Urochloa humidicola,Grass,21,97.97,13.12,86.88,8.47,32.1,68.01
2,Breding ,541,F25-2179,CIAT-BH-22-4454,2,Poales,Poaceae,Urochloa,humidicola,Urochloa humidicola,Grass,22,97.61,11.16,88.84,6.53,31.12,68.58
2,Breding ,497,F25-2160,CIAT-BH-22-4865,2,Poales,Poaceae,Urochloa,humidicola,Urochloa humidicola,Grass,21,97.48,15.16,84.84,8.77,32.48,67.33
2,Breding ,173,F25-1721,CIAT-BR-02-0465,2,Poales,Poaceae,Brachiaria,interespecifico,Brachiaria interespecifico,Grass,16,96.88,13.78,86.22,13.86,32.8,65.62
2,Breding ,175,F25-1722,CIAT-BR-04-3025,2,Poales,Poaceae,Brachiaria,interespecifico,Brachiaria interespecifico,Grass,16,95.84,11.31,88.69,12.25,32.72,67.42
2,Breding ,177,F25-1723,CIAT-BR-05-1435,2,Poales,Poaceae,Brachiaria,interespecifico,Brachiaria interespecifico,Grass,16,96.06,14.7,85.29,16.1,30.82,63.96
2,Breding ,387,F25-2104,CIAT-BR-06-1348,2,Poales,Poaceae,Urochloa,interespecifico,Brachiaria interespecifico,Grass,19,93.09,14.48,85.52,12.23,25.64,59.76
2,Breding ,179,F25-1724,CIAT-BR-09-3660,2,Poales,Poaceae,Brachiaria,interespecifico,Brachiaria interespecifico,Grass,16,96.24,13.64,86.36,12.77,29.05,61.25
2,Breding ,389,F25-2105,CIAT-BR-09-4467,2,Poales,Poaceae,Urochloa,interespecifico,Brachiaria interespecifico,Grass,19,92.31,14.63,85.37,13.66,24.32,58.96
2,Breding ,391,F25-2106,CIAT-BR-09-4777,2,Poales,Poaceae,Urochloa,interespecifico,Brachiaria interespecifico,Grass,19,93.68,13.68,86.32,12.76,24.43,58.97
2,Breding ,399,F25-2107,CIAT-BR-12-0255,2,Poales,Poaceae,Urochloa,interespecifico,Brachiaria interespecifico,Grass,20,91.85,14.23,85.77,14.96,24.63,57.34
2,Breding ,401,F25-2108,CIAT-BR-12-0461,2,Poales,Poaceae,Urochloa,interespecifico,Brachiaria interespecifico,Grass,20,92.82,14.72,85.28,13.24,25.6,60.79
2,Breding ,133,F25-1701,CIAT-BR-12-1362,2,Poales,Poaceae,Brachiaria,interespecifico,Brachiaria interespecifico,Grass,16,92.46,14.02,85.98,16.89,28.12,57.62
2,Breding ,403,F25-2109,CIAT-BR-12-1620,2,Poales,Poaceae,Urochloa,interespecifico,Brachiaria interespecifico,Grass,20,93.55,13.79,86.21,13.22,25.38,60.36
2,Breding ,405,F25-2110,CIAT-BR-12-1889,2,Poales,Poaceae,Urochloa,interespecifico,Brachiaria interespecifico,Grass,20,91.35,15.09,84.91,14.82,23.39,57.75
2,Breding ,135,F25-1702,CIAT-BR-12-2462,2,Poales,Poaceae,Brachiaria,interespecifico,Brachiaria interespecifico,Grass,16,95.72,15.58,84.42,12.21,34.75,58.72
2,Breding ,137,F25-1703,CIAT-BR-12-3868,2,Poales,Poaceae,Brachiaria,interespecifico,Brachiaria interespecifico,Grass,16,94.15,19.08,80.92,16.3,28.24,54.33
2,Breding ,407,F25-2111,CIAT-BR-12-4039,2,Poales,Poaceae,Urochloa,interespecifico,Brachiaria interespecifico,Grass,20,92.11,13.6,86.4,15.17,27.47,61.84
2,Breding ,153,F25-1711,CIAT-BR-12-4400,2,Poales,Poaceae,Brachiaria,interespecifico,Brachiaria interespecifico,Grass,16,93.93,15.3,84.7,14.38,28.07,57.48
2,Breding ,409,F25-2112,CIAT-BR-12-4856,2,Poales,Poaceae,Urochloa,interespecifico,Brachiaria interespecifico,Grass,20,92.58,12.91,87.09,13.01,27.75,63.63
2,Breding ,411,F25-2113,CIAT-BR-12-5049,2,Poales,Poaceae,Urochloa,interespecifico,Brachiaria interespecifico,Grass,20,92.25,14.47,85.53,14.56,26.52,60.6
2,Breding ,413,F25-2114,CIAT-BR-15-1851,2,Poales,Poaceae,Urochloa,interespecifico,Brachiaria interespecifico,Grass,20,92.17,14.82,85.18,11.25,26.14,59.44
2,Breding ,139,F25-1704,CIAT-BR-15-2558,2,Poales,Poaceae,Brachiaria,interespecifico,Brachiaria interespecifico,Grass,16,93.24,14.12,85.88,15.0,26.56,57.46
2,Breding ,141,F25-1705,CIAT-BR-15-2811,2,Poales,Poaceae,Brachiaria,interespecifico,Brachiaria interespecifico,Grass,16,93.62,16.26,83.74,15.86,29.12,55.78
2,Breding ,143,F25-1706,CIAT-BR-15-2891,2,Poales,Poaceae,Brachiaria,interespecifico,Brachiaria interespecifico,Grass,16,93.76,14.84,85.16,15.5,29.38,58.9
2,Breding ,415,F25-2115,CIAT-BR-15-3025,2,Poales,Poaceae,Urochloa,interespecifico,Brachiaria interespecifico,Grass,20,92.02,14.14,85.86,12.32,26.72,59.94
2,Breding ,417,F25-2116,CIAT-BR-15-3248,2,Poales,Poaceae,Urochloa,interespecifico,Brachiaria interespecifico,Grass,20,92.16,15.9,84.1,13.91,24.29,58.79
2,Breding ,155,F25-1712,CIAT-BR-15-3434,2,Poales,Poaceae,Brachiaria,interespecifico,Brachiaria interespecifico,Grass,16,94.62,14.2,85.8,15.08,28.26,56.12
2,Breding ,157,F25-1713,CIAT-BR-15-3811,2,Poales,Poaceae,Brachiaria,interespecifico,Brachiaria interespecifico,Grass,16,96.3,14.72,85.28,15.49,26.74,58.32
2,Breding ,159,F25-1714,CIAT-BR-15-6547,2,Poales,Poaceae,Brachiaria,interespecifico,Brachiaria interespecifico,Grass,16,94.74,15.54,84.46,15.81,27.02,58.24
2,Breding ,161,F25-1715,CIAT-BR-15-7121,2,Poales,Poaceae,Brachiaria,interespecifico,Brachiaria interespecifico,Grass,16,94.82,15.2,84.8,17.04,26.45,56.48
2,Breding ,419,F25-2117,CIAT-BR-15-7659,2,Poales,Poaceae,Urochloa,interespecifico,Brachiaria interespecifico,Grass,20,93.33,13.73,86.27,12.33,26.95,60.12
2,Breding ,163,F25-1716,CIAT-BR-15-8887,2,Poales,Poaceae,Brachiaria,interespecifico,Brachiaria interespecifico,Grass,16,94.77,12.99,87.01,14.76,27.6,59.44
2,Breding ,421,F25-2118,CIAT-BR-15-8919,2,Poales,Poaceae,Urochloa,interespecifico,Brachiaria interespecifico,Grass,20,93.52,13.49,86.51,11.76,26.98,63.21
2,Breding ,181,F25-1725,CIAT-BR-19-1264,2,Poales,Poaceae,Brachiaria,interespecifico,Brachiaria interespecifico,Grass,16,96.3,15.61,84.39,18.56,25.08,56.3
2,Breding ,145,F25-1707,CIAT-BR-19-1343,2,Poales,Poaceae,Brachiaria,interespecifico,Brachiaria interespecifico,Grass,16,94.1,14.51,85.49,16.19,29.84,58.92
2,Breding ,165,F25-1717,CIAT-BR-19-4678,2,Poales,Poaceae,Brachiaria,interespecifico,Brachiaria interespecifico,Grass,16,92.76,15.1,84.9,15.2,27.94,53.89
2,Breding ,167,F25-1718,CIAT-BR-19-5029,2,Poales,Poaceae,Brachiaria,interespecifico,Brachiaria interespecifico,Grass,16,95.62,15.34,84.66,15.06,27.74,59.08
2,Breding ,183,F25-1726,CIAT-BR-19-5217,2,Poales,Poaceae,Brachiaria,interespecifico,Brachiaria interespecifico,Grass,16,96.2,14.22,85.78,13.46,28.8,60.7
2,Breding ,169,F25-1719,CIAT-BR-19-5357,2,Poales,Poaceae,Brachiaria,interespecifico,Brachiaria interespecifico,Grass,16,94.56,15.44,84.56,15.75,28.56,58.4
2,Breding ,171,F25-1720,CIAT-BR-19-5381,2,Poales,Poaceae,Brachiaria,interespecifico,Brachiaria interespecifico,Grass,16,94.58,14.1,85.9,14.96,30.84,62.0
2,Breding ,423,F25-2119,CIAT-BR-19-5515,2,Poales,Poaceae,Urochloa,interespecifico,Brachiaria interespecifico,Grass,20,92.43,14.53,85.47,11.19,26.96,60.89
2,Breding ,425,F25-2120,CIAT-BR-19-5877,2,Poales,Poaceae,Urochloa,interespecifico,Brachiaria interespecifico,Grass,20,93.49,13.01,86.99,12.43,26.07,60.59
2,Breding ,427,F25-2121,CIAT-BR-19-6136,2,Poales,Poaceae,Urochloa,interespecifico,Brachiaria interespecifico,Grass,20,92.92,14.79,85.21,13.33,25.87,59.53
2,Breding ,353,F25-2087,CIAT-CIAT-16021,2,Poales,Poaceae,Megathyrsus,maximus,Megathyrsus maximus,Grass,19,94.48,11.82,88.18,12.61,32.73,70.7
2,Breding ,363,F25-2092,CIAT-CIAT-16025,2,Poales,Poaceae,Megathyrsus,maximus,Megathyrsus maximus,Grass,19,92.4,14.73,85.27,14.43,32.3,68.73
2,Breding ,339,F25-2080,CIAT-CIAT-16031,2,Poales,Poaceae,Megathyrsus,maximus,Megathyrsus maximus,Grass,19,93.77,13.21,86.79,13.82,32.37,65.74
2,Breding ,381,F25-2101,CIAT-CIAT-16071,2,Poales,Poaceae,Megathyrsus,maximus,Megathyrsus maximus,Grass,19,93.03,13.63,86.37,16.96,28.87,66.51
2,Breding ,471,F25-2147,CIAT-CIAT-16886,2,Poales,Poaceae,Urochloa,humidicola,Urochloa humidicola,Grass,21,98.05,11.56,88.44,7.95,34.95,70.81
2,Breding ,473,F25-2148,CIAT-CIAT-16891,2,Poales,Poaceae,Urochloa,humidicola,Urochloa humidicola,Grass,21,98.4,12.85,87.15,6.7,31.56,67.91
2,Breding ,147,F25-1708,CIAT-CIAT-26110,2,Poales,Poaceae,Brachiaria,interespecifico,Brachiaria interespecifico,Grass,16,93.89,11.93,88.07,12.76,33.24,65.67
2,Breding ,185,F25-1727,CIAT-CIAT-26124,2,Poales,Poaceae,Brachiaria,interespecifico,Brachiaria interespecifico,Grass,16,96.03,12.82,87.18,14.6,31.6,64.88
2,Breding ,475,F25-2149,CIAT-CIAT-26146,2,Poales,Poaceae,Urochloa,humidicola,Urochloa humidicola,Grass,21,98.78,12.18,87.82,6.52,34.83,72.54
2,Breding ,477,F25-2150,CIAT-CIAT-26149,2,Poales,Poaceae,Urochloa,humidicola,Urochloa humidicola,Grass,21,98.44,14.71,85.29,6.87,29.44,67.52
2,Breding ,479,F25-2151,CIAT-CIAT-26160,2,Poales,Poaceae,Urochloa,humidicola,Urochloa humidicola,Grass,21,98.1,14.13,85.87,6.85,32.95,68.42
2,Breding ,481,F25-2152,CIAT-CIAT-26415,2,Poales,Poaceae,Urochloa,humidicola,Urochloa humidicola,Grass,21,97.76,13.34,86.66,6.65,31.58,69.04
2,Breding ,485,F25-2154,CIAT-CIAT-26438,2,Poales,Poaceae,Urochloa,humidicola,Urochloa humidicola,Grass,21,98.01,12.58,87.42,7.38,34.69,72.55
2,Breding ,487,F25-2155,CIAT-CIAT-26570,2,Poales,Poaceae,Urochloa,humidicola,Urochloa humidicola,Grass,21,97.83,13.76,86.24,7.8,29.98,66.42
2,Breding ,149,F25-1709,CIAT-CIAT-26646,2,Poales,Poaceae,Brachiaria,interespecifico,Brachiaria interespecifico,Grass,16,93.56,13.18,86.82,14.14,29.08,60.64
2,Breding ,341,F25-2081,CIAT-CIAT-26936,2,Poales,Poaceae,Megathyrsus,maximus,Megathyrsus maximus,Grass,19,95.09,10.32,89.68,13.55,36.62,66.89
2,Breding ,493,F25-2158,CIAT-CIAT-6133,2,Poales,Poaceae,Urochloa,humidicola,Urochloa humidicola,Grass,21,98.39,11.51,88.49,6.57,33.67,72.89
2,Breding ,151,F25-1710,CIAT-CIAT-6297,2,Poales,Poaceae,Brachiaria,interespecifico,Brachiaria interespecifico,Grass,16,95.1,13.01,86.99,14.86,29.88,61.91
2,Breding ,495,F25-2159,CIAT-CIAT-679,2,Poales,Poaceae,Urochloa,humidicola,Urochloa humidicola,Grass,21,97.32,12.01,87.99,6.19,31.72,70.77
2,Breding ,375,F25-2098,CIAT-CIAT-6986,2,Poales,Poaceae,Megathyrsus,maximus,Megathyrsus maximus,Grass,19,92.58,11.85,88.15,12.26,33.48,71.82
2,Breding ,357,F25-2089,CIAT-PM-21-0065,2,Poales,Poaceae,Megathyrsus,maximus,Megathyrsus maximus,Grass,19,94.04,13.69,86.31,14.18,30.72,64.87
2,Breding ,365,F25-2093,CIAT-PM-21-0070,2,Poales,Poaceae,Megathyrsus,maximus,Megathyrsus maximus,Grass,19,94.4,13.52,86.48,14.89,29.67,66.68
2,Breding ,345,F25-2083,CIAT-PM-21-0072,2,Poales,Poaceae,Megathyrsus,maximus,Megathyrsus maximus,Grass,19,93.4,14.4,85.6,14.7,29.08,66.23
2,Breding ,343,F25-2082,CIAT-PM-21-0074,2,Poales,Poaceae,Megathyrsus,maximus,Megathyrsus maximus,Grass,19,94.59,13.6,86.4,13.1,30.94,64.42
2,Breding ,379,F25-2100,CIAT-PM-21-0078,2,Poales,Poaceae,Megathyrsus,maximus,Megathyrsus maximus,Grass,19,92.6,13.65,86.35,13.84,31.98,66.45
2,Breding ,373,F25-2097,CIAT-PM-21-0079,2,Poales,Poaceae,Megathyrsus,maximus,Megathyrsus maximus,Grass,19,93.91,12.49,87.51,13.48,31.24,68.55
2,Breding ,351,F25-2086,CIAT-PM-21-0819,2,Poales,Poaceae,Megathyrsus,maximus,Megathyrsus maximus,Grass,19,92.5,14.13,85.87,15.22,28.57,64.82
2,Breding ,383,F25-2102,CIAT-PM-21-0876,2,Poales,Poaceae,Megathyrsus,maximus,Megathyrsus maximus,Grass,19,92.49,13.21,86.79,13.1,31.07,66.68
2,Breding ,337,F25-2079,CIAT-PM-21-2580,2,Poales,Poaceae,Megathyrsus,maximus,Megathyrsus maximus,Grass,19,93.76,12.79,87.21,16.17,31.2,65.05
2,Breding ,333,F25-2077,CIAT-PM-21-3535,2,Poales,Poaceae,Megathyrsus,maximus,Megathyrsus maximus,Grass,19,95.24,13.79,86.21,11.95,34.88,68.35
2,Breding ,385,F25-2103,CIAT-PM-21-3641,2,Poales,Poaceae,Megathyrsus,maximus,Megathyrsus maximus,Grass,19,93.72,12.53,87.47,12.37,32.19,69.06
2,Breding ,369,F25-2095,CIAT-PM-21-3662,2,Poales,Poaceae,Megathyrsus,maximus,Megathyrsus maximus,Grass,19,93.28,14.51,85.49,11.58,32.05,68.09
2,Breding ,371,F25-2096,CIAT-PM-21-4448,2,Poales,Poaceae,Megathyrsus,maximus,Megathyrsus maximus,Grass,19,95.49,11.27,88.73,12.03,31.22,72.07
2,Breding ,377,F25-2099,CIAT-PM-21-4852,2,Poales,Poaceae,Megathyrsus,maximus,Megathyrsus maximus,Grass,19,92.72,11.02,88.98,10.66,34.89,72.86
2,Breding ,367,F25-2094,CIAT-PM-21-4926,2,Poales,Poaceae,Megathyrsus,maximus,Megathyrsus maximus,Grass,19,93.67,11.76,88.24,14.67,30.03,71.37
2,Breding ,335,F25-2078,CIAT-PM-21-6106,2,Poales,Poaceae,Megathyrsus,maximus,Megathyrsus maximus,Grass,19,93.92,12.99,87.01,15.69,30.99,66.48
2,Breding ,347,F25-2084,CIAT-PM-21-6598,2,Poales,Poaceae,Megathyrsus,maximus,Megathyrsus maximus,Grass,19,94.64,14.45,85.55,12.94,28.83,65.49
2,Breding ,359,F25-2090,CIAT-PM-21-6629,2,Poales,Poaceae,Megathyrsus,maximus,Megathyrsus maximus,Grass,19,93.86,11.33,88.67,11.28,37.88,73.0
2,Breding ,355,F25-2088,CIAT-PM-21-6640,2,Poales,Poaceae,Megathyrsus,maximus,Megathyrsus maximus,Grass,19,93.05,15.15,84.85,15.78,26.65,65.68
2,Breding ,361,F25-2091,CIAT-PM-21-6641,2,Poales,Poaceae,Megathyrsus,maximus,Megathyrsus maximus,Grass,19,94.15,15.35,84.65,15.59,28.73,63.07
2,Breding ,349,F25-2085,CIAT-PM-21-6647,2,Poales,Poaceae,Megathyrsus,maximus,Megathyrsus maximus,Grass,19,93.16,13.01,86.99,12.43,29.49,66.17
2,LMF,61,F25-0017,Hohenheimer-Heustandard,128,Forage,Forage,Hohenheimer, Heustandard,Hohenheimer Heustandard,Forage,14,91.33,10.06,89.94,0.0,0.0,0.0
2,LMF,63,F25-0018,Homenheim-Concentrate,162,Concentrate,Concentrate,Homenheim, Concentrate,Homenheim Concentrate,Concentrate,14,89.69,6.04,93.96,0.0,0.0,0.0
2,LMF,187,F25-2076,ILRI-15551,4,	Fabales,Fabaceae,Leucaena,diversifolia,Leucaena diversifolia,Shrub_Trees,16,93.73,7.76,92.24,28.22,28.55,56.21
2,LMF-invivo,325,F25-2131,Muestra-#-02,2,Poales,Poaceae,Cynodon,nlenfuensis,Cynodon nlemfuensis,Grass,18,92.18,9.3,90.7,5.74,40.04,77.78
2,LMF,331,F25-0008,Sample-8,90,Poales,Poaceae,Cynodon, nlemfuensis ,Cynodon nlemfuensis ,Grass,14,93.73,11.41,88.59,0.0,0.0,0.0
3,Benchmark,209,F25-2627,BR-02-1752-Cayman-Exc,2,Poales,Poaceae,Urochloa, interespecifico,Urochloa interespecifico,Grass,26,96.64,17.21,82.79,10.93,29.65,59.76
3,Benchmark,211,F25-2628,BR-06-423-Cayman-Exc,2,Poales,Poaceae,Urochloa, interespecifico,Urochloa interespecifico,Grass,26,96.67,10.43,89.57,13.87,29.45,61.6
3,Genetic bank,155,F24-3549,CIAT-10440,2,Fabales,Fabaceae,Stylosanthes,humilis,Stylosanthes humilis,Herbaceous_legumes,25,90.24,11.91,88.09,19.44,31.37,51.77
3,Genetic bank,157,F24-3550,CIAT-10613,2,Fabales,Fabaceae,Stylosanthes,scabra,Stylosanthes scabra,Herbaceous_legumes,25,92.84,7.89,92.11,15.96,46.21,59.51
3,Genetic bank,159,F24-3551,CIAT-10627,2,Fabales,Fabaceae,Stylosanthes,scabra,Stylosanthes scabra,Herbaceous_legumes,25,93.39,13.71,86.29,11.83,39.59,57.5
3,Genetic bank,161,F24-3552,CIAT-10634,2,Fabales,Fabaceae,Stylosanthes,scabra,Stylosanthes scabra,Herbaceous_legumes,25,93.02,10.56,89.44,15.74,33.59,56.99
3,Genetic bank,163,F24-3553,CIAT-10639,2,Fabales,Fabaceae,Stylosanthes,scabra,Stylosanthes scabra,Herbaceous_legumes,25,93.2,11.08,88.92,15.72,35.04,53.94
3,Genetic bank,165,F24-3554,CIAT-10725,2,Fabales,Fabaceae,Stylosanthes,scabra,Stylosanthes scabra,Herbaceous_legumes,25,92.39,11.55,88.45,15.0,41.09,58.81
3,Genetic bank,167,F24-3555,CIAT-11199,2,Fabales,Fabaceae,Stylosanthes,hamata,Stylosanthes hamata,Herbaceous_legumes,25,91.82,8.77,91.23,14.8,36.3,58.28
3,Genetic bank,169,F24-3556,CIAT-11215,2,Fabales,Fabaceae,Stylosanthes,hamata,Stylosanthes hamata,Herbaceous_legumes,25,92.9,10.52,89.48,18.31,27.87,52.53
3,Genetic bank,171,F24-3557,CIAT-11220,2,Fabales,Fabaceae,Stylosanthes,hamata,Stylosanthes hamata,Herbaceous_legumes,25,91.88,8.42,91.58,17.37,26.31,56.95
3,Genetic bank,173,F24-3558,CIAT-11232,2,Fabales,Fabaceae,Stylosanthes,hamata,Stylosanthes hamata,Herbaceous_legumes,25,91.23,7.32,92.68,15.09,34.64,54.2
3,Genetic bank,175,F24-3559,CIAT-11313,2,Fabales,Fabaceae,Stylosanthes,guianensis,Stylosanthes guianensis,Herbaceous_legumes,25,92.19,11.54,88.46,14.94,38.82,55.96
3,Genetic bank,177,F24-3560,CIAT-11417,2,Fabales,Fabaceae,Stylosanthes,guianensis,Stylosanthes guianensis,Herbaceous_legumes,25,91.5,12.06,87.94,12.26,41.48,57.23
3,Genetic bank,179,F24-3561,CIAT-11624,2,Fabales,Fabaceae,Stylosanthes,humilis,Stylosanthes humilis,Herbaceous_legumes,25,92.04,12.04,87.96,15.62,33.73,54.88
3,Genetic bank,181,F24-3562,CIAT-11690,2,Fabales,Fabaceae,Stylosanthes,humilis,Stylosanthes humilis,Herbaceous_legumes,25,90.68,12.89,87.11,16.73,33.51,54.33
3,Genetic bank,183,F24-3563,CIAT-11762,2,Fabales,Fabaceae,Stylosanthes,hamata,Stylosanthes hamata,Herbaceous_legumes,25,90.71,8.06,91.94,15.95,39.8,58.73
3,Genetic bank,185,F24-3564,CIAT-11778,2,Fabales,Fabaceae,Stylosanthes,hamata,Stylosanthes hamata,Herbaceous_legumes,25,92.06,8.58,91.42,16.99,26.27,54.21
3,Genetic bank,187,F24-3565,CIAT-11784,2,Fabales,Fabaceae,Stylosanthes,hamata,Stylosanthes hamata,Herbaceous_legumes,25,92.3,8.64,91.36,16.9,35.91,59.39
3,Genetic bank,189,F24-3566,CIAT-11820,2,Fabales,Fabaceae,Stylosanthes,scabra,Stylosanthes scabra,Herbaceous_legumes,25,91.81,11.13,88.87,18.06,31.38,52.89
3,Genetic bank,191,F24-3567,CIAT-12042,2,Fabales,Fabaceae,Stylosanthes,humilis,Stylosanthes humilis,Herbaceous_legumes,25,91.35,15.08,84.92,17.68,31.39,53.81
3,Genetic bank,239,F24-3568,CIAT-12115,2,Fabales,Fabaceae,Stylosanthes,humilis,Stylosanthes humilis,Herbaceous_legumes,26,92.48,8.91,91.09,15.32,34.71,55.55
3,Genetic bank,241,F24-3569,CIAT-12140,2,Fabales,Fabaceae,Stylosanthes,humilis,Stylosanthes humilis,Herbaceous_legumes,26,91.57,11.22,88.78,19.39,28.23,54.15
3,Genetic bank,243,F24-3570,CIAT-12184,2,Fabales,Fabaceae,Stylosanthes,humilis,Stylosanthes humilis,Herbaceous_legumes,26,92.54,10.37,89.63,15.38,25.67,48.49
3,Genetic bank,245,F24-3571,CIAT-12202,2,Fabales,Fabaceae,Stylosanthes,humilis,Stylosanthes humilis,Herbaceous_legumes,26,92.63,10.68,89.32,18.22,24.08,48.06
3,Genetic bank,247,F24-3572,CIAT-12311,2,Fabales,Fabaceae,Stylosanthes,guianensis,Stylosanthes guianensis,Herbaceous_legumes,26,91.76,15.04,84.96,16.63,34.79,53.68
3,Genetic bank,251,F24-3574,CIAT-12374,2,Fabales,Fabaceae,Stylosanthes,hamata,Stylosanthes hamata,Herbaceous_legumes,26,91.94,8.79,91.21,17.42,30.52,56.26
3,Genetic bank,249,F24-3573,CIAT-12381,2,Fabales,Fabaceae,Stylosanthes,hamata,Stylosanthes hamata,Herbaceous_legumes,26,92.25,13.21,86.79,17.11,33.25,56.81
3,Genetic bank,253,F24-3575,CIAT-12457,2,Fabales,Fabaceae,Stylosanthes,hamata,Stylosanthes hamata,Herbaceous_legumes,26,93.7,11.91,88.09,16.96,27.69,55.43
3,Genetic bank,255,F24-3576,CIAT-12462,2,Fabales,Fabaceae,Stylosanthes,hamata,Stylosanthes hamata,Herbaceous_legumes,26,92.55,9.45,90.55,19.36,26.71,57.45
3,Genetic bank,257,F24-3577,CIAT-12485,2,Fabales,Fabaceae,Stylosanthes,scabra,Stylosanthes scabra,Herbaceous_legumes,26,93.95,13.35,86.65,14.59,30.78,55.79
3,Genetic bank,259,F24-3578,CIAT-12615,2,Fabales,Fabaceae,Stylosanthes,guianensis,Stylosanthes guianensis,Herbaceous_legumes,26,89.76,10.4,89.6,14.07,35.32,53.46
3,Genetic bank,261,F24-3579,CIAT-12686,2,Fabales,Fabaceae,Stylosanthes,hamata,Stylosanthes hamata,Herbaceous_legumes,26,90.96,10.25,89.75,16.0,34.52,48.94
3,Genetic bank,263,F24-3580,CIAT-12710,2,Fabales,Fabaceae,Stylosanthes,scabra,Stylosanthes scabra,Herbaceous_legumes,26,91.72,11.21,88.79,11.5,38.43,58.38
3,Genetic bank,265,F24-3581,CIAT-12758,2,Fabales,Fabaceae,Stylosanthes,guianensis,Stylosanthes guianensis,Herbaceous_legumes,26,91.38,9.52,90.48,14.95,34.11,56.97
3,Genetic bank,7,F25-0971,CIAT-13149,2,Fabales,Fabaceae,Desmodium,strigillosum,Desmodium strigillosum,Herbaceous_legumes,23,93.78,8.18,91.82,13.45,35.33,49.68
3,Genetic bank,69,F25-1670,CIAT-13158,2,Fabales,Fabaceae,Desmodium,strigillosum,Desmodium strigillosum,Herbaceous_legumes,24,93.52,7.32,92.68,16.53,38.17,50.29
3,Genetic bank,71,F25-1671,CIAT-13329,2,Fabales,Fabaceae,Desmodium,cajanifolium,Desmodium cajanifolium,Shrub_Trees,24,94.17,11.52,88.48,20.28,25.93,52.31
3,Genetic bank,73,F25-1672,CIAT-13387,2,Fabales,Fabaceae,Desmodium,sequax,Desmodium sequax,Shrub_Trees,24,92.58,5.23,94.77,18.43,57.23,63.92
3,Genetic bank,75,F25-1673,CIAT-13547,2,Fabales,Fabaceae,Codariocalyx,gyroides,Codariocalyx gyroides,Shrub_Trees,24,94.81,7.61,92.39,17.24,42.42,58.27
3,Genetic bank,9,F25-0974,CIAT-13946,2,Fabales,Fabaceae,Desmodium,sequax,Desmodium sequax,Herbaceous_legumes,23,93.82,6.8,93.2,14.37,53.08,60.83
3,Genetic bank,77,F25-1674,CIAT-13953,2,Fabales,Fabaceae,Desmodium,velutinum,Desmodium velutinum,Shrub_Trees,24,92.94,10.14,89.86,22.14,28.43,44.47
3,Genetic bank,1,F24-3540,CIAT-1467,2,Fabales,Fabaceae,Stylosanthes,hamata,Stylosanthes hamata,Herbaceous_legumes,23,92.62,8.54,91.46,13.64,34.78,52.93
3,Genetic bank,3,F24-3541,CIAT-1475,2,Fabales,Fabaceae,Stylosanthes,hamata,Stylosanthes hamata,Herbaceous_legumes,23,90.79,8.75,91.24,17.29,37.43,56.45
3,Genetic bank,79,F25-1675,CIAT-15086,2,Fabales,Fabaceae,Centrosema,acutifolium,Centrosema acutifolium,Herbaceous_legumes,24,95.1,6.67,93.33,25.43,27.19,56.25
3,Genetic bank,81,F25-1676,CIAT-17403,2,Fabales,Fabaceae,Flemingia,macrophylla,Flemingia macrophylla,Shrub_Trees,24,93.95,6.1,93.9,18.39,51.91,64.19
3,Breeding,229,F25-2637,CIAT-17462,2,Fabales,Leguminosae,Leucaena ,leucocephala ,Leucaena leucocephala ,Shrub_Trees,26,92.63,6.88,93.12,29.87,39.13,57.51
3,Genetic bank,83,F25-1677,CIAT-17519,2,Fabales,Fabaceae,Mimosa,somnians,Mimosa somnians,Herbaceous_legumes,24,94.5,8.75,91.25,17.65,25.56,46.21
3,Breeding,217,F25-2631,CIAT-17768,4,Fabales,Fabaceae,Clitoria ,ternatea,Clitoria ternatea ,Herbaceous_legumes,26,93.14,7.72,92.28,25.33,30.69,51.36
3,Genetic bank,85,F25-1678,CIAT-17896,2,Fabales,Fabaceae,Chamaecrista,desvauxii,Chamaecrista desvauxii,Herbaceous_legumes,24,94.71,6.33,93.67,15.64,40.33,51.74
3,Genetic bank,87,F25-1679,CIAT-18123,2,Fabales,Fabaceae,Dioclea,virgata,Dioclea virgata,Herbaceous_legumes,24,94.61,8.31,91.69,15.0,40.99,62.79
3,Genetic bank,89,F25-1680,CIAT-18126,2,Fabales,Fabaceae,Dioclea,virgata,Dioclea virgata,Herbaceous_legumes,24,92.8,10.3,89.7,18.02,40.49,56.41
3,Genetic bank,91,F25-1681,CIAT-18127,2,Fabales,Fabaceae,Dioclea,virgata,Dioclea virgata,Herbaceous_legumes,24,94.19,9.2,90.8,17.34,37.77,54.54
3,Genetic bank,93,F25-1682,CIAT-18668,2,Fabales,Fabaceae,Cratylia,argentea,Cratylia argentea,Shrub_Trees,24,94.11,12.82,87.18,21.26,28.0,50.11
3,Genetic bank,95,F25-1683,CIAT-19228,2,Fabales,Fabaceae,Eriosema,psoraleoides,Eriosema psoraleoides,Herbaceous_legumes,24,93.69,9.42,90.58,17.93,47.97,62.31
3,Genetic bank,97,F25-1684,CIAT-19537,2,Fabales,Fabaceae,Crotalaria,verrucosa,Crotalaria verrucosa,Herbaceous_legumes,24,93.5,9.04,90.96,28.32,24.02,44.46
3,Genetic bank,11,F25-0980,CIAT-19867,2,Fabales,Fabaceae,Uraria,lagopodioides,Uraria lagopodioides,Herbaceous_legumes,23,95.9,15.46,84.54,19.32,25.83,44.28
3,Genetic bank,21,F25-1655,CIAT-1992,2,Fabales,Fabaceae,Stylosanthes,guianensis,Stylosanthes guianensis,Herbaceous_legumes,23,92.47,8.32,91.68,19.95,38.55,60.22
3,Genetic bank,99,F25-1685,CIAT-20208,2,Fabales,Fabaceae,Aeschynomene,sensitiva,Aeschynomene sensitiva,Herbaceous_legumes,24,95.46,7.87,92.13,19.0,25.38,59.64
3,Genetic bank,101,F25-1686,CIAT-20345,2,Fabales,Fabaceae,Pachyrhizus,erosus,Pachyrhizus erosus,Herbaceous_legumes,24,93.72,10.63,89.37,17.94,22.48,38.5
3,Breeding,213,F25-2629,CIAT-20692,4,Fabales,Fabaceae,Clitoria ,ternatea,Clitoria ternatea ,Herbaceous_legumes,26,94.7,8.02,91.98,25.41,29.62,51.31
3,Genetic bank,103,F25-1687,CIAT-20927,2,Fabales,Fabaceae,Mimosa,albida,Mimosa albida,Herbaceous_legumes,24,93.68,8.62,91.38,13.93,41.22,59.01
3,Genetic bank,105,F25-1688,CIAT-21849,2,Fabales,Fabaceae,Chamaecrista,desvauxii,Chamaecrista desvauxii,Herbaceous_legumes,24,94.9,5.92,94.08,17.51,43.79,58.23
3,Genetic bank,107,F25-1689,CIAT-22072,2,Fabales,Fabaceae,Bauhinia,sp.,Bauhinia sp.,Shrub_Trees,24,93.61,7.78,92.22,26.74,29.97,45.1
3,Genetic bank,109,F25-1690,CIAT-22409,2,Fabales,Fabaceae,Cratylia,argentea,Cratylia argentea,Shrub_Trees,24,92.93,11.38,88.62,19.09,30.48,55.9
3,Genetic bank,111,F25-1691,CIAT-22692,2,Fabales,Fabaceae,Lablab,purpureus,Lablab purpureus,Herbaceous_legumes,24,92.27,7.39,92.61,25.3,24.26,42.74
3,Genetic bank,5,F25-0954,CIAT-23326,2,Fabales,Fabaceae,Desmodium,velutinum,Desmodium velutinum,Shrub_Trees,23,95.84,15.05,84.95,18.11,23.0,40.0
3,Genetic bank,113,F25-1692,CIAT-23715,2,Fabales,Fabaceae,Desmodium,sequax,Desmodium sequax,Shrub_Trees,24,93.79,5.22,94.78,16.81,59.14,65.42
3,Genetic bank,115,F25-1693,CIAT-23746,2,Fabales,Fabaceae,Codariocalyx,gyroides,Codariocalyx gyroides,Shrub_Trees,24,93.84,6.88,93.12,18.88,40.5,56.6
3,Genetic bank,117,F25-1694,CIAT-23985,2,Fabales,Fabaceae,Desmodium,velutinum,Desmodium velutinum,Shrub_Trees,24,95.17,12.04,87.96,18.34,24.87,39.7
3,Genetic bank,153,F24-3548,CIAT-2783,2,Fabales,Fabaceae,Stylosanthes,humilis,Stylosanthes humilis,Herbaceous_legumes,25,89.75,10.11,89.89,17.78,31.3,49.65
3,Genetic bank,23,F25-1656,CIAT-3001,2,Fabales,Fabaceae,Codariocalyx,gyroides,Codariocalyx gyroides,Shrub_Trees,23,94.5,6.97,93.03,15.82,40.09,57.84
3,Genetic bank,119,F25-1695,CIAT-32265,2,Fabales,Fabaceae,Chamaecrista,diphylla,Chamaecrista diphylla,Herbaceous_legumes,24,95.81,8.04,91.96,17.04,37.98,53.26
3,Genetic bank,25,F25-1657,CIAT-3304,2,Fabales,Fabaceae,Desmodium,cajanifolium,Desmodium cajanifolium,Shrub_Trees,23,94.91,8.2,91.8,20.82,24.97,46.61
3,Genetic bank,121,F25-1696,CIAT-33070,2,Fabales,Fabaceae,Desmodium,oblongum,Desmodium oblongum,Shrub_Trees,24,96.0,10.02,89.98,16.09,39.34,54.18
3,Genetic bank,123,F25-1697,CIAT-33079,2,Fabales,Fabaceae,Desmodium,oblongum,Desmodium oblongum,Shrub_Trees,24,95.66,10.51,89.49,18.27,28.9,45.96
3,Genetic bank,125,F25-1698,CIAT-33131,2,Fabales,Fabaceae,Codariocalyx,gyroides,Codariocalyx gyroides,Shrub_Trees,24,94.84,6.9,93.1,17.67,41.11,56.05
3,Genetic bank,127,F25-1699,CIAT-33195,2,Fabales,Fabaceae,Dalea,carthagenensis,Dalea carthagenensis,Herbaceous_legumes,24,95.71,6.44,93.56,16.47,23.48,43.58
3,Benchmark,205,F25-2625,CIAT-36087-MulatoII-Exc,2,Poales,Poaceae,Urochloa, interespecifico,Urochloa interespecifico,Grass,26,97.01,10.33,89.67,12.48,29.37,62.99
3,Benchmark,141,F25-2139,CIAT-36087-MulatoII-Opt,2,Poales,Poaceae,Brachiaria,interespecifico,Brachiaria interespecifico,Grass,25,96.95,11.55,88.45,10.33,29.44,59.23
3,Genetic bank,129,F25-1700,CIAT-43055,2,Fabales,Fabaceae,Desmodium,discolor,Desmodium discolor,Herbaceous_legumes,24,94.82,9.02,90.98,28.02,22.45,43.07
3,Genetic bank,27,F25-1658,CIAT-5713,2,Fabales,Fabaceae,Centrosema,macrocarpum,Centrosema macrocarpum,Herbaceous_legumes,23,94.64,9.34,90.66,15.88,24.61,45.9
3,Benchmark,207,F25-2626,CIAT-606-Basilisk-Exc,2,Poales,Poaceae,Urochloa, interespecifico,Urochloa interespecifico,Grass,26,96.88,9.46,90.54,11.82,30.3,65.32
3,Benchmark,137,F25-2137,CIAT-606-Basilisk-Opt,2,Poales,Poaceae,Brachiaria,interespecifico,Brachiaria interespecifico,Grass,25,96.79,10.59,89.41,8.5,31.27,62.47
3,Benchmark,143,F25-2140,CIAT-6133-Llanero-Opt,2,Poales,Poaceae,Brachiaria,humidicola,Brachiaria humidicola,Grass,25,97.39,13.06,86.94,9.46,30.98,64.12
3,Benchmark,203,F25-2624,CIAT-6294-Marandu-Exc,2,Poales,Poaceae,Urochloa, interespecifico,Urochloa interespecifico,Grass,26,96.18,10.3,89.7,12.8,30.47,63.4
3,Benchmark,139,F25-2138,CIAT-6294-Marandu-Opt,2,Poales,Poaceae,Brachiaria,interespecifico,Brachiaria interespecifico ,Grass,25,96.12,11.3,88.7,7.59,32.37,64.62
3,Benchmark,135,F25-2136,CIAT-6962-Mombaza-Ex,2,Poales,Poaceae,Megathyrsus ,maximus,Megathyrsus maximus,Grass,25,96.94,12.03,87.97,5.25,37.83,68.79
3,Benchmark,145,F25-2141,CIAT-6962-Mombaza-Opt,2,Poales,Poaceae,Megathyrsus ,maximus,Megathyrsus maximus ,Grass,25,97.52,12.24,87.76,7.21,32.96,65.42
3,Breeding,221,F25-2633,CIAT-712,4,Fabales,Fabaceae,Clitoria ,ternatea,Clitoria ternatea ,Herbaceous_legumes,26,93.18,7.78,92.22,23.11,33.02,51.42
3,Genetic bank,29,F25-1659,CIAT-7381,2,Fabales,Fabaceae,Galactia,glaucescens,Galactia glaucescens,Herbaceous_legumes,23,94.47,12.77,87.23,13.58,46.86,68.34
3,Genetic bank,31,F25-1660,CIAT-7799,2,Fabales,Fabaceae,Dioclea,guianensis,Dioclea guianensis,Herbaceous_legumes,23,93.46,7.77,92.23,20.38,52.92,65.25
3,Genetic bank,33,F25-1661,CIAT-7803,2,Fabales,Fabaceae,Dioclea,holtiana,Dioclea holtiana,Herbaceous_legumes,23,94.24,11.45,88.55,20.31,41.02,58.24
3,Genetic bank,13,F25-1651,CIAT-798,2,Fabales,Fabaceae,Galactia,striata,Galactia striata,Herbaceous_legumes,23,92.61,11.1,88.9,17.15,24.95,56.89
3,Genetic bank,35,F25-1662,CIAT-8182,2,Fabales,Fabaceae,Eriosema,diffusum,Eriosema diffusum,Herbaceous_legumes,23,93.32,7.32,92.68,13.83,46.99,63.36
3,Genetic bank,15,F25-1652,CIAT-822,2,Fabales,Fabaceae,Calopogonium,mucunoides,Calopogonium mucunoides,Herbaceous_legumes,23,94.05,6.64,93.36,17.01,26.72,46.8
3,Genetic bank,37,F25-1663,CIAT-8434,2,Fabales,Fabaceae,Dioclea,sericea,Dioclea sericea,Herbaceous_legumes,23,93.52,8.37,91.63,18.05,46.47,62.41
3,Genetic bank,17,F25-1653,CIAT-852,2,Fabales,Fabaceae,Dioclea,sericea,Dioclea sericea,Herbaceous_legumes,23,93.77,9.56,90.44,14.73,45.62,63.41
3,Genetic bank,39,F25-1664,CIAT-8702,2,Fabales,Fabaceae,Calopogonium,caeruleum,Calopogonium caeruleum,Herbaceous_legumes,23,93.01,8.68,91.32,23.92,31.39,50.99
3,Genetic bank,41,F25-1665,CIAT-8816,2,Fabales,Fabaceae,Crotalaria,micans,Crotalaria micans,Herbaceous_legumes,23,93.45,9.29,90.71,25.38,21.11,41.72
3,Genetic bank,43,F25-1666,CIAT-8826,2,Fabales,Fabaceae,Zapoteca,formosa,Zapoteca formosa,Shrub_Trees,23,93.71,9.52,90.48,17.79,11.19,38.62
3,Genetic bank,19,F25-1654,CIAT-907,2,Fabales,Fabaceae,Dioclea,virgata,Dioclea virgata,Herbaceous_legumes,23,92.97,9.28,90.72,16.71,33.35,61.77
3,Breeding,225,F25-2635,CIAT-9432,4,Fabales,Fabaceae,Clitoria ,ternatea,Clitoria ternatea ,Herbaceous_legumes,26,95.4,7.72,92.28,21.89,35.13,54.12
3,Genetic bank,45,F25-1667,CIAT-9578,8,Fabales,Fabaceae,Dioclea,sericea,Dioclea sericea,Herbaceous_legumes,23,95.08,7.25,92.75,14.7,50.08,63.43
3,Genetic bank,47,F25-1668,CIAT-9740,2,Fabales,Fabaceae,Chamaecrista,desvauxii,Chamaecrista desvauxii,Herbaceous_legumes,23,95.38,8.27,91.73,17.12,37.57,53.43
3,Genetic bank,49,F25-1669,CIAT-9934,2,Fabales,Fabaceae,Aeschynomene,americana,Aeschynomene americana,Herbaceous_legumes,23,93.8,7.86,92.14,18.35,23.99,61.14
3,Breeding,59,F25-2170,CIAT-BH-22-0765,2,Poales,Poaceae,Urochloa,humidicola,Urochloa humidicola,Grass,23,97.48,10.74,89.26,9.79,36.16,72.26
3,Breeding,61,F25-2171,CIAT-BH-22-2531,2,Poales,Poaceae,Urochloa,humidicola,Urochloa humidicola,Grass,23,96.45,12.34,87.66,6.22,33.04,71.22
3,Breeding,55,F25-2105,CIAT-BR-09-4467,2,Poales,Poaceae,Urochloa,interespecifico,Brachiaria interespecifico,Grass,23,92.3,14.62,85.38,13.66,24.32,58.96
3,Breeding,53,F25-2101,CIAT-CIAT-16071,2,Poales,Poaceae,Megathyrsus,maximus,Megathyrsus maximus,Grass,23,93.03,13.63,86.37,16.95,28.87,66.51
3,Breeding,51,F25-2096,CIAT-PM-21-4448,2,Poales,Poaceae,Megathyrsus,maximus,Megathyrsus maximus,Grass,23,95.49,11.26,88.74,12.02,31.22,72.06
3,LMF-invivo,193,Dieta-1_Exp1,Dieta-1-Exp-1,2,,,Dieta 1_Exp1,Dieta 1_Exp1,Dieta 1_Exp1,,25,89.0,9.5,89.53,13.79,35.48,71.52
3,LMF,235,Dieta-1_2,Dieta-1-Exp-2,2,,,Dieta 1_Exp2,Dieta 1_Exp2,Dieta 1_Exp2,,26,89.0,9.5,89.53,,,
3,LMF-invivo,195,Dieta-2_Exp1,Dieta-2-Exp-1,2,,,Dieta 2_Exp1,Dieta 2_Exp1,Dieta 2_Exp1,,25,89.0,9.1,89.58,13.29,33.91,67.86
3,LMF,237,Dieta-2_2,Dieta-2-Exp-2,2,,,Dieta 2_Exp2,Dieta 2_Exp2,Dieta 2_Exp2,,26,89.0,9.5,89.53,,,
3,LMF,63,F25-0017,Hohenheimer-Heustandard,18,,,Hohenheimer,Heustandard,Hohenheimer Heustandard,,23,91.33,10.06,89.94,,,
3,LMF,267,F25-2134,Hohenheimer-Heustandard-IAG-2025/1-S-1,2,Green meal , Heustandard,Hohenheimer,Heustandard,Hohenheimer Heustandard,,26,91.33,10.06,89.94,,,
3,Benchmark,149,F25-2567,Humidicola-679,2,Poales,Poaceae,Urochloa,humidicola,Urochloa humidicola,Grass,25,92.25,6.07,93.93,2.29,43.86,81.88
3,LMF-invivo,57,F25-2131,Muestra-#-02,2,Poales, Poaceae,Cynodon,nlenfuensis,Cynodon nlemfuensis,Grass,23,92.18,9.3,90.7,5.74,40.04,77.78
3,Benchmark,147,F25-2566,Paja-Sabana-Madura,2,Poales,Poaceae,,,,Grass,25,92.41,7.33,92.67,6.02,46.15,77.96
3,Benchmark,151,F25-2568,Sabana-Quemada,2,Poales,Poaceae,,,,Grass,25,93.62,11.39,88.61,4.07,49.66,77.83
3,LMF,65,F25-0008,Sample-8,32,,,Cynodon,nlemfuensis ,Cynodon nlemfuensis ,,23,93.73,11.42,88.59,,,
3,Breeding,231,F25-2638,nan,4,Asterales,Compositae,Tithonia ,diversifolia ,Tithonia diversifolia,Shrub_Trees,26,90.58,14.26,85.74,19.53,23.96,41.5
4,Genbank,169,F25-2596,CIAT-10026,2,Fabales,Fabaceae,Stylosanthes,seabrana,Stylosanthes seabrana,Herbaceous_legumes,28,92.75,9.97,90.03,16.29,34.49,57.25
4,Genbank,171,F25-2597,CIAT-12411,2,Fabales,Fabaceae,Stylosanthes,sympodialis,Stylosanthes sympodialis,Herbaceous_legumes,28,91.72,11.78,88.22,17.94,34.3,61.11
4,Genbank,55,F25-1755,CIAT-13258,2,Fabales,Fabaceae,Dendrolobium,lanceolatum,Dendrolobium lanceolatum,Shrub_Trees,27,94.6,14.87,85.13,15.55,54.96,61.8
4,Genbank,57,F25-1756,CIAT-13260,2,Fabales,Fabaceae,Dendrolobium,lanceolatum,Dendrolobium lanceolatum,Shrub_Trees,27,94.08,12.08,87.92,15.81,57.39,65.19
4,Genbank,1,F25-1728,CIAT-13262,2,Fabales,Fabaceae,Dendrolobium,triangulare,Dendrolobium triangulare,Shrub_Trees,27,94.93,8.7,91.3,18.98,47.52,60.4
4,Genbank,173,F25-2598,CIAT-13494,2,Fabales,Fabaceae,Desmodium,tortuosum,Desmodium tortuosum,Shrub_Trees,28,91.67,10.88,89.12,21.08,23.41,50.72
4,Genbank,3,F25-1729,CIAT-13528,2,Fabales,Fabaceae,Dendrolobium,lanceolatum,Dendrolobium lanceolatum,Shrub_Trees,27,95.05,7.58,92.42,16.9,48.36,56.88
4,Genbank,5,F25-1730,CIAT-13529,2,Fabales,Fabaceae,Dendrolobium,triangulare,Dendrolobium triangulare,Shrub_Trees,27,94.36,6.69,93.31,18.17,45.33,59.94
4,Genbank,175,F25-2599,CIAT-13562,2,Fabales,Fabaceae,Desmodium,tortuosum,Desmodium tortuosum,Shrub_Trees,28,91.81,14.8,85.2,18.56,27.49,50.32
4,Genbank,177,F25-2600,CIAT-13593,2,Fabales,Fabaceae,Desmodium,scorpiurus,Desmodium scorpiurus,Herbaceous_legumes,28,90.71,10.48,89.52,16.65,42.65,58.29
4,Genbank,179,F25-2601,CIAT-13608,2,Fabales,Fabaceae,Desmodium,incanum,Desmodium incanum,Herbaceous_legumes,28,92.61,9.98,90.02,17.58,44.72,59.52
4,Genbank,7,F25-1731,CIAT-13710,2,Fabales,Fabaceae,Dendrolobium,lanceolatum,Dendrolobium lanceolatum,Shrub_Trees,27,94.13,7.49,92.51,19.14,55.17,64.36
4,Genbank,,F26-0017,CIAT-1405,2,Fabales,Fabaceae,Stylosanthes,capitata,Stylosanthes capitata,Herbaceous_legumes,30,94.63,14.28,85.72,16.07,43.38,60.85
4,Genbank,,F26-0023,CIAT-14080,2,Fabales,Fabaceae,Zornia,brasiliensis,Zornia brasiliensis,Herbaceous_legumes,30,94.73,18.46,81.54,17.23,27.72,46.65
4,Genbank,59,F25-1757,CIAT-17263,2,Fabales,Fabaceae,Leucaena,leucocephala,Leucaena leucocephala,Shrub_Trees,27,94.47,13.81,86.19,13.71,36.27,57.76
4,Genbank,67,F25-1758,CIAT-17459,2,Fabales,Fabaceae,Erythrina,berteroana,Erythrina berteroana,Shrub_Trees,28,94.59,11.87,88.13,24.25,38.26,51.98
4,Genbank,69,F25-1759,CIAT-17482,2,Fabales,Fabaceae,Leucaena,leucocephala,Leucaena leucocephala,Shrub_Trees,28,92.66,14.24,85.76,26.54,33.11,51.05
4,Genbank,71,F25-1760,CIAT-17502,2,Fabales,Fabaceae,Leucaena,leucocephala,Leucaena leucocephala,Shrub_Trees,28,94.26,12.96,87.04,28.86,35.48,46.09
4,Genbank,,F26-0035,CIAT-17514,2,Fabales,Fabaceae,Mimosa,pudica,Mimosa pudica,Shrub_Trees,30,96.44,10.03,89.97,19.83,41.15,59.39
4,Genbank,,F26-0036,CIAT-17725,2,Fabales,Fabaceae,Mimosa,polycarpa,Mimosa polycarpa,Shrub_Trees,30,95.67,8.0,92.0,21.38,35.15,61.08
4,Genbank,,F26-0018,CIAT-1812,2,Fabales,Fabaceae,Stylosanthes,viscosa,Stylosanthes viscosa,Herbaceous_legumes,30,95.46,10.54,89.46,11.39,44.1,56.28
4,Genbank,181,F25-2602,CIAT-18277,2,Fabales,Fabaceae,Indigofera,jamaicensis,Indigofera jamaicensis,Herbaceous_legumes,28,89.83,10.33,89.67,21.94,32.43,49.96
4,Genbank,,F26-0037,CIAT-18947,2,Fabales,Fabaceae,Sesbania,sesban,Sesbania sesban,Shrub_Trees,30,95.48,9.73,90.27,28.79,20.47,46.0
4,Genbank,,F26-0024,CIAT-18950,2,Fabales,Fabaceae,Indigofera,spicata,Indigofera spicata,Herbaceous_legumes,30,93.52,15.89,84.11,21.86,32.78,41.87
4,Genbank,183,F25-2603,CIAT-18952,2,Fabales,Fabaceae,Indigofera,atriceps,Indigofera atriceps,Herbaceous_legumes,28,90.34,18.09,81.91,16.66,40.99,48.15
4,Genbank,187,F25-2604,CIAT-18953,2,Fabales,Fabaceae,Indigofera,atriceps,Indigofera atriceps,Herbaceous_legumes,29,89.54,11.97,88.03,13.47,44.71,52.72
4,Genbank,189,F25-2605,CIAT-18954,2,Fabales,Fabaceae,Indigofera,atriceps,Indigofera atriceps,Herbaceous_legumes,29,92.94,20.28,79.72,17.61,44.83,51.54
4,Genbank,,F26-0038,CIAT-19165,2,Fabales,Fabaceae,Sesbania,keniensis,Sesbania keniensis,Shrub_Trees,30,96.44,10.4,89.6,25.52,30.4,50.4
4,Genbank,,F26-0025,CIAT-19193,2,Fabales,Fabaceae,Tephrosia,villosa,Tephrosia villosa,Herbaceous_legumes,30,94.33,7.16,92.84,21.66,35.28,58.06
4,Genbank,191,F25-2606,CIAT-19198,2,Fabales,Fabaceae,Tephrosia,villosa,Tephrosia villosa,Herbaceous_legumes,29,90.54,11.32,88.68,27.0,33.59,51.73
4,Genbank,73,F25-1761,CIAT-19384,2,Fabales,Fabaceae,Prosopis,juliflora,Prosopis juliflora,Shrub_Trees,28,93.39,10.33,89.67,36.95,31.54,52.46
4,Genbank,193,F25-2607,CIAT-19460,2,Fabales,Fabaceae,Sesbania,cannabina,Sesbania cannabina,Shrub_Trees,29,91.03,10.43,89.57,21.7,33.7,53.52
4,Genbank,75,F25-1762,CIAT-19571,2,Fabales,Fabaceae,Senna,cobanensis,Senna cobanensis,Shrub_Trees,28,93.21,6.08,93.92,23.2,42.27,55.7
4,Genbank,,F26-0026,CIAT-19641,2,Fabales,Fabaceae,Tephrosia,purpurea,Tephrosia purpurea,Herbaceous_legumes,30,96.05,8.34,91.66,20.32,40.91,61.49
4,Genbank,195,F25-2608,CIAT-20044,2,Fabales,Fabaceae,Tephrosia,purpurea,Tephrosia purpurea,Herbaceous_legumes,29,92.18,11.53,88.47,27.96,24.72,47.1
4,Genbank,77,F25-1763,CIAT-20126,2,Fabales,Fabaceae,Acacia,angustissima,Acacia angustissima,Shrub_Trees,28,93.97,5.78,94.22,29.9,47.8,58.29
4,Genbank,79,F25-1764,CIAT-20788,2,Fabales,Fabaceae,Senna,pallida,Senna pallida,Shrub_Trees,28,93.92,9.75,90.25,24.3,30.69,53.36
4,Genbank,137,F25-2580,CIAT-2085,2,Fabales,Fabaceae,Stylosanthes,seabrana,Stylosanthes seabrana,Herbaceous_legumes,28,91.97,9.33,90.67,18.71,37.92,57.18
4,Genbank,81,F25-1765,CIAT-21242,2,Fabales,Fabaceae,Leucaena,diversifolia,Leucaena diversifolia,Shrub_Trees,28,93.21,6.88,93.12,23.28,45.76,63.44
4,Genbank,83,F25-1766,CIAT-21512,2,Fabales,Fabaceae,Calliandra,calothyrsus,Calliandra calothyrsus,Shrub_Trees,28,92.79,4.78,95.22,24.07,46.72,53.37
4,Genbank,85,F25-1767,CIAT-21601,2,Fabales,Fabaceae,Erythrina,fusca,Erythrina fusca,Shrub_Trees,28,93.24,7.04,92.96,23.41,54.97,68.49
4,Genbank,87,F25-1768,CIAT-21809,2,Fabales,Fabaceae,Acacia,farnesiana,Acacia farnesiana,Shrub_Trees,28,94.62,7.46,92.54,31.0,48.09,62.84
4,Genbank,89,F25-1769,CIAT-21810,2,Fabales,Fabaceae,Acacia,angustissima,Acacia angustissima,Shrub_Trees,28,94.79,5.39,94.61,31.66,38.92,52.37
4,Genbank,91,F25-1770,CIAT-21888,2,Fabales,Fabaceae,Leucaena,leucocephala,Leucaena leucocephala,Shrub_Trees,28,93.71,9.14,90.86,29.9,30.16,56.67
4,Genbank,,F26-0039,CIAT-21899,2,Fabales,Fabaceae,Sesbania,sesban,Sesbania sesban,Shrub_Trees,30,95.84,7.99,92.01,18.32,41.37,63.03
4,Genbank,9,F25-1732,CIAT-22004,2,Fabales,Fabaceae,Dendrolobium,triangulare,Dendrolobium triangulare,Shrub_Trees,27,94.3,6.81,93.19,17.58,49.2,63.61
4,Genbank,93,F25-1771,CIAT-22310,2,Fabales,Fabaceae,Calliandra,calothyrsus,Calliandra calothyrsus,Shrub_Trees,28,94.86,5.71,94.29,21.75,50.77,55.0
4,Genbank,95,F25-1772,CIAT-22311,2,Fabales,Fabaceae,Calliandra,calothyrsus,Calliandra calothyrsus,Shrub_Trees,28,93.88,6.95,93.05,21.51,49.18,54.93
4,Genbank,97,F25-1773,CIAT-22316,2,Fabales,Fabaceae,Calliandra,calothyrsus,Calliandra calothyrsus,Shrub_Trees,28,95.52,8.65,91.35,20.82,44.54,54.36
4,Genbank,197,F25-2609,CIAT-22423,2,Fabales,Fabaceae,Vigna,unguiculata,Vigna unguiculata,Herbaceous_legumes,29,90.61,12.05,87.95,27.74,27.28,48.09
4,Genbank,199,F25-2610,CIAT-22480,2,Fabales,Fabaceae,Sesbania,cannabina,Sesbania cannabina,Shrub_Trees,29,92.48,11.68,88.32,26.98,27.5,45.51
4,Genbank,11,F25-1733,CIAT-23104,2,Fabales,Fabaceae,Dendrolobium,triangulare,Dendrolobium triangulare,Shrub_Trees,27,92.63,7.0,93.0,19.39,57.01,67.22
4,Genbank,13,F25-1734,CIAT-23106,2,Fabales,Fabaceae,Dendrolobium,triangulare,Dendrolobium triangulare,Shrub_Trees,27,94.65,6.85,93.15,21.89,55.75,67.76
4,Genbank,15,F25-1735,CIAT-23107,2,Fabales,Fabaceae,Dendrolobium,triangulare,Dendrolobium triangulare,Shrub_Trees,27,94.99,6.92,93.08,21.24,51.07,67.22
4,Genbank,17,F25-1736,CIAT-23108,2,Fabales,Fabaceae,Dendrolobium,triangulare,Dendrolobium triangulare,Shrub_Trees,27,94.54,6.93,93.07,21.59,58.17,69.37
4,Genbank,201,F25-2611,CIAT-23116,2,Fabales,Fabaceae,Desmodium,tortuosum,Desmodium tortuosum,Shrub_Trees,29,92.57,10.87,89.13,18.23,36.92,59.77
4,Genbank,99,F25-1774,CIAT-23239,2,Fabales,Fabaceae,Dendrolobium,triangulare,Dendrolobium triangulare,Shrub_Trees,28,95.86,7.55,92.45,20.36,52.76,65.19
4,Genbank,19,F25-1737,CIAT-23412,2,Fabales,Fabaceae,Dendrolobium,triangulare,Dendrolobium triangulare,Shrub_Trees,27,94.19,7.27,92.73,21.15,50.98,62.14
4,Genbank,21,F25-1738,CIAT-23413,2,Fabales,Fabaceae,Dendrolobium,triangulare,Dendrolobium triangulare,Shrub_Trees,27,93.53,7.5,92.5,21.32,54.59,66.23
4,Genbank,,F26-0040,CIAT-23414,2,Fabales,Fabaceae,Codariocalyx,motorius,Codariocalyx motorius,Shrub_Trees,30,96.31,9.34,90.66,16.19,43.82,62.85
4,Genbank,203,F25-2612,CIAT-23416,2,Fabales,Fabaceae,Codariocalyx,motorius,Codariocalyx motorius,Shrub_Trees,29,92.81,12.27,87.73,18.14,41.12,56.8
4,Genbank,23,F25-1739,CIAT-23419,2,Fabales,Fabaceae,Dendrolobium,triangulare,Dendrolobium triangulare,Shrub_Trees,27,93.96,7.2,92.8,20.19,56.43,67.78
4,Genbank,25,F25-1740,CIAT-23422,2,Fabales,Fabaceae,Dendrolobium,triangulare,Dendrolobium triangulare,Shrub_Trees,27,91.86,7.06,92.94,21.67,54.63,66.57
4,Genbank,,F26-0027,CIAT-23503,2,Fabales,Fabaceae,Desmodium,macrodesmum,Desmodium macrodesmum,Herbaceous_legumes,30,93.33,13.22,86.78,20.34,40.31,55.64
4,Genbank,227,F25-1692,CIAT-23715,2,Fabales,Fabaceae,Desmodium,sequax,Desmodium sequax,Shrub_Trees,29,93.79,5.22,94.78,16.81,59.14,65.42
4,Genbank,27,F25-1741,CIAT-23734,2,Fabales,Fabaceae,Dendrolobium,triangulare,Dendrolobium triangulare,Shrub_Trees,27,94.71,7.86,92.14,21.44,47.22,62.02
4,Genbank,,F26-0041,CIAT-23767,2,Fabales,Fabaceae,Desmodium,nicaraguense,Desmodium nicaraguense,Shrub_Trees,30,95.0,10.1,89.9,19.05,26.9,54.72
4,Genbank,205,F25-2613,CIAT-23806,2,Fabales,Fabaceae,Desmodium,angustifolium,Desmodium angustifolium,Herbaceous_legumes,29,92.77,9.93,90.07,13.5,36.09,58.82
4,Genbank,29,F25-1742,CIAT-23932,2,Fabales,Fabaceae,Dendrolobium,triangulare,Dendrolobium triangulare,Shrub_Trees,27,95.12,7.29,92.71,18.84,49.89,63.09
4,Genbank,31,F25-1743,CIAT-23933,2,Fabales,Fabaceae,Dendrolobium,triangulare,Dendrolobium triangulare,Shrub_Trees,27,93.72,7.37,92.63,17.58,49.31,64.37
4,Genbank,33,F25-1744,CIAT-23934,2,Fabales,Fabaceae,Dendrolobium,triangulare,Dendrolobium triangulare,Shrub_Trees,27,94.17,8.2,91.8,22.61,43.74,58.5
4,Genbank,35,F25-1745,CIAT-23936,2,Fabales,Fabaceae,Dendrolobium,triangulare,Dendrolobium triangulare,Shrub_Trees,27,94.06,7.8,92.2,19.27,49.21,61.66
4,Genbank,207,F25-2614,CIAT-24104,2,Fabales,Fabaceae,Macroptilium,atropurpureum,Macroptilium atropurpureum,Herbaceous_legumes,29,92.3,13.07,86.93,26.64,25.99,45.24
4,Genbank,,F26-0028,CIAT-24333,2,Fabales,Fabaceae,Macroptilium,bracteatum,Macroptilium bracteatum,Herbaceous_legumes,30,94.41,9.69,90.31,15.85,35.23,55.05
4,Genbank,209,F25-2615,CIAT-24565,2,Fabales,Fabaceae,Vigna,unguiculata,Vigna unguiculata,Herbaceous_legumes,29,90.07,11.42,88.58,23.16,31.0,49.61
4,Genbank,139,F25-2581,CIAT-2690,2,Fabales,Fabaceae,Stylosanthes,angustifolia,Stylosanthes angustifolia,Herbaceous_legumes,28,91.01,9.45,90.55,17.54,38.39,60.09
4,Genbank,123,F25-2574,CIAT-326,2,Fabales,Fabaceae,Desmodium,scorpiurus,Desmodium scorpiurus,Herbaceous_legumes,28,91.68,13.17,86.83,28.62,38.94,55.66
4,Genbank,101,F25-1775,CIAT-33116,2,Fabales,Fabaceae,Dendrolobium,triangulare,Dendrolobium triangulare,Shrub_Trees,28,95.63,7.88,92.12,18.3,57.42,65.17
4,Genbank,37,F25-1746,CIAT-33119,2,Fabales,Fabaceae,Dendrolobium,triangulare,Dendrolobium triangulare,Shrub_Trees,27,95.29,7.4,92.6,17.3,40.98,59.48
4,Genbank,,F26-0042,CIAT-33127,2,Fabales,Fabaceae,Codariocalyx,motorius,Codariocalyx motorius,Shrub_Trees,30,95.6,9.53,90.47,13.66,45.27,64.59
4,Genbank,,F26-0029,CIAT-33235,2,Fabales,Fabaceae,Desmodium,scorpiurus,Desmodium scorpiurus,Herbaceous_legumes,30,93.33,15.45,84.55,20.05,43.51,56.61
4,Genbank,39,F25-1747,CIAT-33383,2,Fabales,Fabaceae,Dendrolobium,sp.,Dendrolobium sp.,Shrub_Trees,27,94.67,9.8,90.2,14.66,47.34,59.76
4,Genbank,41,F25-1748,CIAT-33402,2,Fabales,Fabaceae,Dendrolobium,triangulare,Dendrolobium triangulare,Shrub_Trees,27,94.63,6.91,93.09,20.08,45.18,60.09
4,Genbank,43,F25-1749,CIAT-33508,2,Fabales,Fabaceae,Dendrolobium,umbellatum,Dendrolobium umbellatum,Shrub_Trees,27,93.75,8.67,91.33,22.61,45.81,58.36
4,Genbank,45,F25-1750,CIAT-33515,2,Fabales,Fabaceae,Dendrolobium,triangulare,Dendrolobium triangulare,Shrub_Trees,27,93.41,11.11,88.89,20.96,51.47,63.32
4,Genbank,211,F25-2616,CIAT-33561,2,Fabales,Fabaceae,Desmodium,wigginsii,Desmodium wigginsii,Herbaceous_legumes,29,91.88,9.91,90.09,16.29,36.11,54.68
4,Genbank,,F26-0030,CIAT-33605,2,Fabales,Fabaceae,Desmodium,sandwicense x intortum,Desmodium sandwicense x intortum,Herbaceous_legumes,30,95.55,10.57,89.43,19.32,46.46,59.61
4,Genbank,213,F25-2617,CIAT-34038,2,Fabales,Fabaceae,Vigna,unguiculata,Vigna unguiculata,Herbaceous_legumes,29,91.79,12.24,87.76,20.57,24.32,46.96
4,Genbank,215,F25-2618,CIAT-34040,2,Fabales,Fabaceae,Vigna,aconitifolia,Vigna aconitifolia,Herbaceous_legumes,29,90.66,12.81,87.19,25.56,22.65,41.97
4,Genbank,217,F25-2619,CIAT-34042,2,Fabales,Fabaceae,Vigna,aconitifolia,Vigna aconitifolia,Herbaceous_legumes,29,91.07,12.37,87.63,24.71,23.37,48.96
4,Genbank,219,F25-2620,CIAT-34044,2,Fabales,Fabaceae,Vigna,aconitifolia,Vigna aconitifolia,Herbaceous_legumes,29,91.57,10.44,89.56,22.36,20.67,54.27
4,Genbank,,F26-0031,CIAT-34144,2,Fabales,Fabaceae,Vigna,radiata,Vigna radiata,Herbaceous_legumes,30,90.9,11.68,88.32,24.93,21.59,48.93
4,Genbank,221,F25-2621,CIAT-34148,2,Fabales,Fabaceae,Vigna,radiata,Vigna radiata,Herbaceous_legumes,29,89.54,10.26,89.74,23.29,27.82,44.75
4,Genbank,223,F25-2622,CIAT-34159,2,Fabales,Fabaceae,Vigna,unguiculata,Vigna unguiculata,Herbaceous_legumes,29,90.48,11.99,88.01,22.86,22.34,48.64
4,Genbank,225,F25-2623,CIAT-34347,2,Fabales,Fabaceae,Vigna,unguiculata,Vigna unguiculata,Herbaceous_legumes,29,89.49,12.0,88.0,32.46,25.27,42.68
4,Genbank,,F26-0019,CIAT-3694,2,Fabales,Fabaceae,Desmodium,sandwicense,Desmodium sandwicense,Herbaceous_legumes,30,94.45,12.93,87.07,17.42,46.56,61.01
4,Genbank,141,F25-2582,CIAT-4069,2,Fabales,Fabaceae,Macroptilium,atropurpureum,Macroptilium atropurpureum,Herbaceous_legumes,28,92.3,14.76,85.24,20.83,33.57,51.71
4,Genbank,,F26-0020,CIAT-4080,2,Fabales,Fabaceae,Macroptilium,bracteatum,Macroptilium bracteatum,Herbaceous_legumes,30,94.69,16.19,83.81,21.55,30.67,51.26
4,Genbank,143,F25-2583,CIAT-4141,2,Fabales,Fabaceae,Vigna,radiata,Vigna radiata,Herbaceous_legumes,28,90.94,11.82,88.18,19.48,27.99,49.14
4,Genbank,127,F25-2575,CIAT-415,2,Fabales,Fabaceae,Vigna,radiata,Vigna radiata,Herbaceous_legumes,28,91.94,20.27,79.73,26.96,25.27,42.2
4,Genbank,129,F25-2576,CIAT-416,2,Fabales,Fabaceae,Vigna,radiata,Vigna radiata,Herbaceous_legumes,28,91.43,10.76,89.24,26.84,23.98,45.46
4,Genbank,145,F25-2584,CIAT-4532,2,Fabales,Fabaceae,Vigna,unguiculata,Vigna unguiculata,Herbaceous_legumes,28,92.06,11.97,88.03,18.94,24.33,48.32
4,Genbank,147,F25-2585,CIAT-4537,2,Fabales,Fabaceae,Vigna,unguiculata,Vigna unguiculata,Herbaceous_legumes,28,92.22,12.06,87.94,25.08,28.02,49.63
4,Genbank,131,F25-2577,CIAT-517,2,Fabales,Fabaceae,Macroptilium,atropurpureum,Macroptilium atropurpureum,Herbaceous_legumes,28,91.08,13.69,86.31,23.68,26.53,45.61
4,Genbank,133,F25-2578,CIAT-563,2,Fabales,Fabaceae,Macroptilium,bracteatum,Macroptilium bracteatum,Herbaceous_legumes,28,93.0,12.89,87.11,21.86,30.29,51.44
4,Genbank,,F26-0013,CIAT-590,2,Fabales,Fabaceae,Macroptilium,bracteatum,Macroptilium bracteatum,Herbaceous_legumes,30,92.6,10.54,89.46,18.47,36.08,55.46
4,Genbank,,F26-0021,CIAT-7162,2,Fabales,Fabaceae,Indigofera,jamaicensis,Indigofera jamaicensis,Herbaceous_legumes,30,94.02,15.84,84.16,23.42,32.33,45.22
4,Genbank,149,F25-2586,CIAT-7289,2,Fabales,Fabaceae,Chamaecrista,mimosoides,Chamaecrista mimosoides,Herbaceous_legumes,28,91.41,5.75,94.25,18.56,36.54,57.45
4,Genbank,47,F25-1751,CIAT-7353,2,Fabales,Fabaceae,Prosopis,juliflora,Prosopis juliflora,Shrub_Trees,27,94.63,9.42,90.58,30.49,29.38,46.32
4,Genbank,,F26-0014,CIAT-778,2,Fabales,Fabaceae,Macroptilium,atropurpureum,Macroptilium atropurpureum,Herbaceous_legumes,30,92.58,12.36,87.64,22.84,35.74,52.82
4,Genbank,151,F25-2587,CIAT-7826,2,Fabales,Fabaceae,Tephrosia,purpurea,Tephrosia purpurea,Herbaceous_legumes,28,90.76,8.32,91.68,21.7,29.57,53.57
4,Genbank,135,F25-2579,CIAT-789,2,Fabales,Fabaceae,Zornia,latifolia,Zornia latifolia,Herbaceous_legumes,28,88.85,8.44,91.56,14.79,24.85,51.08
4,Genbank,,F26-0032,CIAT-7934,2,Fabales,Fabaceae,Sesbania,sesban,Sesbania sesban,Shrub_Trees,30,96.47,12.96,87.04,26.82,19.26,48.67
4,Genbank,,F26-0033,CIAT-7937,2,Fabales,Fabaceae,Mimosa,nuda,Mimosa nuda,Shrub_Trees,30,96.2,8.19,91.81,14.65,42.43,62.26
4,Genbank,49,F25-1752,CIAT-7976,2,Fabales,Fabaceae,Cassia,sp.,Cassia sp.,Shrub_Trees,27,93.42,12.05,87.95,25.59,39.54,50.12
4,Genbank,153,F25-2588,CIAT-8014,2,Fabales,Fabaceae,Crotalaria,retusa,Crotalaria retusa,Herbaceous_legumes,28,91.31,8.93,91.07,21.18,30.02,54.88
4,Genbank,51,F25-1753,CIAT-8018,2,Fabales,Fabaceae,Acacia,aroma,Acacia aroma,Shrub_Trees,27,93.8,18.11,81.89,23.54,58.53,70.33
4,Genbank,,F26-0034,CIAT-8056,2,Fabales,Fabaceae,Mimosa,diplotricha,Mimosa diplotricha,Shrub_Trees,30,95.29,9.92,90.08,18.62,39.26,54.43
4,Genbank,,F26-0015,CIAT-827,2,Fabales,Fabaceae,Indigofera,jamaicensis,Indigofera jamaicensis,Herbaceous_legumes,30,94.76,11.79,88.21,21.62,27.76,47.6
4,Genbank,,F26-0022,CIAT-8820,2,Fabales,Fabaceae,Tephrosia,cinerea,Tephrosia cinerea,Herbaceous_legumes,30,95.08,9.53,90.47,24.27,33.64,51.89
4,Genbank,155,F25-2589,CIAT-8849,2,Fabales,Fabaceae,Zornia,brasiliensis,Zornia brasiliensis,Herbaceous_legumes,28,90.26,9.62,90.38,17.57,26.44,51.96
4,Genbank,157,F25-2590,CIAT-9326,2,Fabales,Fabaceae,Crotalaria,retusa,Crotalaria retusa,Herbaceous_legumes,28,92.01,7.75,92.25,18.84,32.62,49.99
4,Genbank,159,F25-2591,CIAT-9337,2,Fabales,Fabaceae,Crotalaria,retusa,Crotalaria retusa,Herbaceous_legumes,28,92.17,8.75,91.25,22.46,26.1,47.12
4,Genbank,161,F25-2592,CIAT-9350,2,Fabales,Fabaceae,Crotalaria,pumila,Crotalaria pumila,Herbaceous_legumes,28,91.19,7.58,92.42,21.99,29.77,49.72
4,Genbank,163,F25-2593,CIAT-9352,2,Fabales,Fabaceae,Crotalaria,pumila,Crotalaria pumila,Herbaceous_legumes,28,93.41,9.4,90.6,22.82,31.07,56.45
4,Genbank,165,F25-2594,CIAT-9472,2,Fabales,Fabaceae,Zornia,brasiliensis,Zornia brasiliensis,Herbaceous_legumes,28,92.1,10.15,89.85,18.21,25.07,49.47
4,Genbank,167,F25-2595,CIAT-9531,2,Fabales,Fabaceae,Indigofera,spicata,Indigofera spicata,Herbaceous_legumes,28,91.6,16.19,83.81,20.55,25.44,42.67
4,Genbank,,F26-0016,CIAT-997,2,Fabales,Fabaceae,Macroptilium,atropurpureum,Macroptilium atropurpureum,Herbaceous_legumes,30,93.56,12.3,87.7,21.44,32.78,50.82
4,Genbank,53,F25-1754,CIAT-9990,2,Fabales,Fabaceae,Prosopis,juliflora,Prosopis juliflora,Shrub_Trees,27,92.97,12.38,87.62,31.75,28.64,48.76
4,Genbank,103,F25-2184,CIAT-BH-22-0303,2,Poales,Poaceae,Urochloa,humidicola,Urochloa humidicola,Grass,28,94.84,9.51,90.49,8.02,33.13,68.08
4,Genbank,107,F25-2186,CIAT-BH-22-0468,2,Poales,Poaceae,Urochloa,humidicola,Urochloa humidicola,Grass,28,96.02,10.67,89.33,9.59,33.18,67.84
4,Genbank,117,F25-2191,CIAT-BH-22-0517,2,Poales,Poaceae,Urochloa,humidicola,Urochloa humidicola,Grass,28,96.87,10.26,89.74,8.21,34.31,69.46
4,Genbank,119,F25-2192,CIAT-BH-22-0519,2,Poales,Poaceae,Urochloa,humidicola,Urochloa humidicola,Grass,28,97.66,11.14,88.86,9.36,31.68,64.58
4,Genbank,121,F25-2193,CIAT-BH-22-0521,2,Poales,Poaceae,Urochloa,humidicola,Urochloa humidicola,Grass,28,96.53,10.99,89.01,9.03,31.72,66.88
4,Breeding,,F25-2166,CIAT-BH-22-0528,2,Poales,Poaceae,Urochloa,humidicola,Urochloa humidicola,Grass,30,98.21,13.78,86.22,8.76,36.8,73.56
4,Genbank,105,F25-2185,CIAT-BH-22-1594,2,Poales,Poaceae,Urochloa,humidicola,Urochloa humidicola,Grass,28,95.08,11.59,88.41,7.96,34.08,68.32
4,Genbank,111,F25-2188,CIAT-BH-22-1710,2,Poales,Poaceae,Urochloa,humidicola,Urochloa humidicola,Grass,28,97.27,9.94,90.06,7.56,35.3,69.39
4,Genbank,113,F25-2189,CIAT-BH-22-2365,2,Poales,Poaceae,Urochloa,humidicola,Urochloa humidicola,Grass,28,97.1,12.34,87.66,9.98,31.98,64.14
4,Genbank,115,F25-2190,CIAT-BH-22-3572,2,Poales,Poaceae,Urochloa,humidicola,Urochloa humidicola,Grass,28,96.5,10.04,89.96,7.98,32.77,68.19
4,Genbank,109,F25-2187,CIAT-BH-22-3830,2,Poales,Poaceae,Urochloa,humidicola,Urochloa humidicola,Grass,28,95.96,10.19,89.81,8.04,32.62,67.43
4,Breeding,,F25-2104,CIAT-BR-06-1348,2,Poales,Poaceae,Urochloa,interespecifico,Brachiaria interespecifico,Grass,30,93.09,14.48,85.52,12.22,25.64,59.76
4,Isabel Molina,61,F25-2640,Cayman-Br-02-1752,2,Poales,Poaceae,Urochloa,interespecifico,Urochloa interespecifico,Grass,27,97.0,9.65,90.35,8.05,26.24,62.13
4,Jacobo Arango/Alejandro Montoya,65,F25-0008,Sample-8,50,Poales,Poaceae,Cynodon, nlemfuensis ,Cynodon nlemfuensis ,Grass,27,93.58,11.4,88.6,2.62,7.56,76.1
4,Mauricio Sotelo,63,F25-2641,nan,2,Fabales,Fabaceae,Gliricidia  ,sepium,Gliricidia sepium ,Shrub_Trees,27,93.5,9.41,90.59,22.38,21.94,47.2
